0    1   0   -2.60756e+03 4.30118e-05 
3     1   1   -2.60932e+03 4.27507e-05 
3     2   2   -2.56497e+03 4.98665e-05 
0     2   2   -2.56517e+03 4.95042e-05
0     2   2   -2.56403e+03 4.80486e-05
0     2   2   -2.56329e+03 4.68043e-05
0     2   2   -2.56253e+03 4.56963e-05
0     2   2   -2.56191e+03 4.46938e-05
0     2   2   -2.56127e+03 4.37695e-05
0     2   2   -2.56075e+03 4.28797e-05
0     2   2   -2.56028e+03 4.20123e-05
0     2   2   -2.55983e+03 4.11684e-05
0     2   2   -2.55924e+03 4.03113e-05
0     2   2   -2.55873e+03 3.94673e-05
0     2   2   -2.55825e+03 3.86336e-05
0     2   2   -2.55775e+03 3.78054e-05
0     2   2   -2.55728e+03 3.70156e-05
0     2   2   -2.55675e+03 3.62009e-05
0     2   2   -2.55623e+03 3.53765e-05
0     2   2   -2.55551e+03 3.45917e-05
0     2   2   -2.55490e+03 3.37584e-05
0     2   2   -2.55427e+03 3.29087e-05
0     2   2   -2.55361e+03 3.20442e-05
0     2   2   -2.55288e+03 3.12070e-05
0     2   2   -2.55211e+03 3.03272e-05
0     2   2   -2.55134e+03 2.94385e-05
0     2   2   -2.55055e+03 2.85368e-05
0     2   2   -2.54967e+03 2.76228e-05
0     2   2   -2.54884e+03 2.66774e-05
0     2   2   -2.54796e+03 2.57148e-05
0     2   2   -2.54701e+03 2.47278e-05
0     2   2   -2.54590e+03 2.37338e-05
0     2   2   -2.54489e+03 2.26932e-05
0     2   2   -2.54382e+03 2.16204e-05
0     2   2   -2.54256e+03 2.05343e-05
0     2   2   -2.54128e+03 1.94238e-05
0     2   2   -2.54010e+03 1.82642e-05
0     2   2   -2.53893e+03 1.70583e-05
0     2   2   -2.53783e+03 1.58651e-05
0     2   2   -2.53721e+03 1.45739e-05
0     2   2   -2.53689e+03 1.31969e-05
0     2   2   -2.53705e+03 1.17409e-05
0     2   2   -2.53759e+03 1.02273e-05
0     2   2   -2.54052e+03 8.69491e-06
0     2   2   -2.54620e+03 7.17482e-06
0     2   2   -2.55579e+03 5.71820e-06
0     2   2   -2.56939e+03 4.41131e-06
0     2   2   -2.59010e+03 3.24923e-06
0     2   2   -2.61843e+03 2.28628e-06
0     2   2   -2.65000e+03 1.61173e-06
0     2   2   -2.67855e+03 1.17974e-06
0     2   2   -2.69644e+03 9.41170e-07
0     2   2   -2.70547e+03 8.15407e-07
0     2   2   -2.71016e+03 7.51050e-07
0     2   2   -2.71290e+03 7.12060e-07
0     2   2   -2.71444e+03 6.87310e-07
1     2   1   -2.83577e+03 2.08449e-06 
0     2   1   -2.82146e+03 4.50276e-07
0     2   1   -3.06954e+03 3.40539e-07
0     2   1   -3.18427e+03 2.20533e-07
0     2   1   -3.27207e+03 1.49782e-07
0     2   1   -3.33944e+03 1.08050e-07
0     2   1   -3.39024e+03 8.44107e-08
0     2   1   -3.42402e+03 7.05580e-08
0     2   1   -3.44636e+03 6.26049e-08
0     2   1   -3.46095e+03 5.73498e-08
0     2   1   -3.47106e+03 5.39610e-08
1     2   0   -2.79409e+03 5.47025e-07 
0     2   0   -2.97522e+03 2.63875e-07
0     2   0   -3.14193e+03 1.17838e-07
0     2   0   -3.27480e+03 6.22667e-08
0     2   0   -3.36769e+03 3.99569e-08
0     2   0   -3.42753e+03 2.99045e-08
2     2   1   -3.49904e+03 3.01683e-08 
0     2   1   -3.58366e+03 1.89060e-08
0     2   1   -3.65408e+03 1.27833e-08
0     2   1   -3.71143e+03 9.17606e-09
0     2   1   -3.76263e+03 6.72360e-09
0     2   1   -3.81372e+03 4.85869e-09
0     2   1   -3.86204e+03 3.53779e-09
0     2   1   -3.90794e+03 2.61042e-09
0     2   1   -3.95431e+03 1.90464e-09
0     2   1   -4.00222e+03 1.38513e-09
0     2   1   -4.05069e+03 1.00396e-09
0     2   1   -4.09600e+03 7.39861e-10
0     2   1   -4.13782e+03 5.58031e-10
0     2   1   -4.17438e+03 4.37826e-10
0     2   1   -4.20483e+03 3.54844e-10
0     2   1   -4.22901e+03 3.01344e-10
0     2   1   -4.25002e+03 2.61015e-10
0     2   1   -4.26574e+03 2.34107e-10
0     2   1   -4.27913e+03 2.13431e-10
0     2   1   -4.29020e+03 1.97527e-10
2     3   2   -4.53564e+03 2.08971e-10 
0     3   2   -4.53644e+03 2.07179e-10
2     3   1   -4.29051e+03 1.95498e-10 
0     3   1   -4.29774e+03 1.87273e-10
2     3   0   -3.54947e+03 1.92094e-09 
0     3   0   -3.98313e+03 4.11737e-10
0     3   0   -4.18309e+03 1.89499e-10
0     3   0   -4.28654e+03 1.21958e-10
0     3   0   -4.35495e+03 8.76173e-11
0     3   0   -4.40832e+03 6.70715e-11
2     3   1   -4.58985e+03 6.78104e-11 
0     3   1   -4.61042e+03 5.87738e-11
0     3   1   -4.62721e+03 5.26568e-11
0   0    1   0   -2.60755e+03 4.30133e-05 
3     1   1   -2.60931e+03 4.27523e-05 
3     2   2   -2.56497e+03 4.98680e-05 
0     2   2   -2.56519e+03 4.93872e-05
0     2   2   -2.56407e+03 4.79914e-05
0     2   2   -2.56318e+03 4.66631e-05
0     2   2   -2.56240e+03 4.55240e-05
0     2   2   -2.56166e+03 4.45557e-05
0     2   2   -2.56106e+03 4.36102e-05
0     2   2   -2.56053e+03 4.26975e-05
0     2   2   -2.56006e+03 4.18167e-05
0     2   2   -2.55968e+03 4.09832e-05
0     2   2   -2.55925e+03 4.01594e-05
0     2   2   -2.55881e+03 3.93411e-05
0     2   2   -2.55815e+03 3.84856e-05
0     2   2   -2.55762e+03 3.76495e-05
0     2   2   -2.55709e+03 3.68144e-05
0     2   2   -2.55654e+03 3.59797e-05
0     2   2   -2.55602e+03 3.51938e-05
0     2   2   -2.55546e+03 3.43891e-05
0     2   2   -2.55489e+03 3.35703e-05
0     2   2   -2.55428e+03 3.27413e-05
0     2   2   -2.55360e+03 3.19414e-05
0     2   2   -2.55297e+03 3.10943e-05
0     2   2   -2.55231e+03 3.02342e-05
0     2   2   -2.55159e+03 2.93588e-05
0     2   2   -2.55059e+03 2.84771e-05
0     2   2   -2.54969e+03 2.75558e-05
0     2   2   -2.54880e+03 2.66140e-05
0     2   2   -2.54787e+03 2.56536e-05
0     2   2   -2.54699e+03 2.47268e-05
0     2   2   -2.54604e+03 2.37600e-05
0     2   2   -2.54508e+03 2.27618e-05
0     2   2   -2.54406e+03 2.17381e-05
0     2   2   -2.54286e+03 2.06836e-05
0     2   2   -2.54169e+03 1.95824e-05
0     2   2   -2.54057e+03 1.84323e-05
0     2   2   -2.53885e+03 1.72612e-05
0     2   2   -2.53774e+03 1.60301e-05
0     2   2   -2.53682e+03 1.47296e-05
0     2   2   -2.53617e+03 1.33524e-05
0     2   2   -2.53584e+03 1.19019e-05
0     2   2   -2.53695e+03 1.03775e-05
0     2   2   -2.53986e+03 8.80856e-06
0     2   2   -2.54550e+03 7.23288e-06
0     2   2   -2.55421e+03 5.78808e-06
0     2   2   -2.56921e+03 4.43721e-06
0     2   2   -2.59045e+03 3.25821e-06
0     2   2   -2.61891e+03 2.30538e-06
0     2   2   -2.64916e+03 1.63071e-06
0     2   2   -2.67786e+03 1.19064e-06
0     2   2   -2.69703e+03 9.41830e-07
0     2   2   -2.70678e+03 8.13934e-07
0     2   2   -2.71414e+03 7.44329e-07
0     2   2   -2.71744e+03 7.04962e-07
0     2   2   -2.71856e+03 6.82082e-07
1     2   1   -2.83736e+03 2.08691e-06 
0     2   1   -2.80916e+03 4.19224e-07
0     2   1   -3.08716e+03 3.09793e-07
0     2   1   -3.20143e+03 2.00353e-07
0     2   1   -3.28951e+03 1.36713e-07
0     2   1   -3.35656e+03 9.88580e-08
0     2   1   -3.40325e+03 7.86889e-08
0     2   1   -3.43390e+03 6.70295e-08
0     2   1   -3.45444e+03 6.01510e-08
0     2   1   -3.46684e+03 5.56232e-08
1     2   0   -2.79954e+03 5.45169e-07 
0     2   0   -2.97820e+03 2.63536e-07
0     2   0   -3.14694e+03 1.17605e-07
0     2   0   -3.27475e+03 6.27521e-08
0     2   0   -3.36609e+03 4.07985e-08
2     2   1   -3.43302e+03 4.15385e-08 
0     2   1   -3.54216e+03 2.35588e-08
0     2   1   -3.62136e+03 1.55382e-08
0     2   1   -3.68655e+03 1.07288e-08
0     2   1   -3.74225e+03 7.72707e-09
0     2   1   -3.79465e+03 5.62956e-09
0     2   1   -3.84096e+03 4.16862e-09
0     2   1   -3.88492e+03 3.09659e-09
0     2   1   -3.92677e+03 2.33650e-09
0     2   1   -3.96999e+03 1.74847e-09
0     2   1   -4.01252e+03 1.31038e-09
0     2   1   -4.05384e+03 9.86571e-10
0     2   1   -4.09476e+03 7.47285e-10
0     2   1   -4.13016e+03 5.85708e-10
0     2   1   -4.16242e+03 4.69780e-10
0     2   1   -4.19036e+03 3.87455e-10
0     2   1   -4.21195e+03 3.32371e-10
0     2   1   -4.22978e+03 2.92944e-10
0     2   1   -4.24402e+03 2.65080e-10
0     2   1   -4.25575e+03 2.43425e-10
0     2   1   -4.26529e+03 2.27264e-10
0     2   1   -4.27328e+03 2.14170e-10
2     3   2   -4.51895e+03 2.25297e-10 
0     3   2   -4.51974e+03 2.23508e-10
2     3   1   -4.27597e+03 2.12173e-10 
0     3   1   -4.28160e+03 2.04879e-10
2     3   0   -3.53619e+03 2.09769e-09 
0     3   0   -3.99713e+03 4.01771e-10
0     3   0   -4.18949e+03 1.88406e-10
0     3   0   -4.29061e+03 1.22445e-10
0     3   0   -4.36004e+03 8.76357e-11
0     3   0   -4.41369e+03 6.71475e-11
0     3   0   -4.45824e+03 5.35999e-11
2     3   1   -4.64358e+03 5.42354e-11 
0     3   1   -4.66045e+03 4.83544e-11
0     3   1   -4.67422e+03 4.44615e-11
0     3   1   -4.68660e+03 4.10571e-11
0     3   1   -4.69669e+03 3.85278e-11
0     3   1   -4.70624e+03 3.62643e-11
0     3   1   -4.71497e+03 3.43180e-11
0     3   1   -4.72356e+03 3.26334e-11
0     3   1   -4.73097e+03 3.11488e-11
0     3   1   -4.73765e+03 2.98685e-11
0     3   1   -4.74420e+03 2.86717e-11
0     3   1   -4.75028e+03 2.76142e-11
2     4   2   -5.03755e+03 2.94736e-11 
0     4   2   -5.03851e+03 2.94698e-11
0     4   2   -5.03842e+03 2.96109e-11
0     4   2   -5.03804e+03 2.96287e-11
0     4   2   -5.03763e+03 2.96294e-11
0     4   2   -5.03688e+03 2.96470e-11
0     4   2   -5.03598e+03 2.96483e-11
0     4   2   -5.03505e+03 2.96446e-11
0     4   2   -5.03450e+03 2.96146e-11
0     4   2   -5.03395e+03 2.95901e-11
0     4   2   -5.03345e+03 2.95684e-11
0     4   2   -5.03303e+03 2.95401e-11
0     4   2   -5.03297e+03 2.95614e-11
0     4   2   -5.03281e+03 2.95516e-11
0     4   2   -5.03260e+03 2.95368e-11
0     4   2   -5.03227e+03 2.94112e-11
0     4   2   -5.03163e+03 2.93429e-11
0     4   2   -5.03092e+03 2.92932e-11
0     4   2   -5.03026e+03 2.92438e-11
0     4   2   -5.03001e+03 2.92697e-11
0     4   2   -5.02965e+03 2.92467e-11
0     4   2   -5.02927e+03 2.92242e-11
0     4   2   -5.02891e+03 2.92012e-11
0     4   2   -5.02878e+03 2.91373e-11
0     4   2   -5.02833e+03 2.90969e-11
0     4   2   -5.02779e+03 2.90612e-11
0     4   2   -5.02718e+03 2.90286e-11
0     4   2   -5.02686e+03 2.90109e-11
0     4   2   -5.02644e+03 2.90031e-11
0     4   2   -5.02601e+03 2.89921e-11
0     4   2   -5.02578e+03 2.89334e-11
0     4   2   -5.02549e+03 2.88817e-11
0     4   2   -5.02520e+03 2.88319e-11
0     4   2   -5.02481e+03 2.88408e-11
0     4   2   -5.02444e+03 2.88422e-11
0     4   2   -5.02414e+03 2.88396e-11
0     4   2   -5.02388e+03 2.88351e-11
0     4   2   -5.02381e+03 2.87878e-11
0     4   2   -5.02351e+03 2.87870e-11
0     4   2   -5.02314e+03 2.87873e-11
0     4   2   -5.02271e+03 2.87862e-11
0     4   2   -5.02261e+03 2.87675e-11
0     4   2   -5.02260e+03 2.87412e-11
0     4   2   -5.02263e+03 2.87125e-11
1     4   1   -4.75084e+03 2.79866e-11 
0     4   1   -4.77058e+03 2.59470e-11
0     4   1   -4.77730e+03 2.47249e-11
0     4   1   -4.78230e+03 2.39600e-11
2     4   0   -4.48253e+03 3.45795e-11 
0     4   0   -4.58636e+03 2.42781e-11
0     4   0   -4.61963e+03 2.09076e-11
2     4   1   -4.82260e+03 2.11524e-11 
0     4   1   -4.82618e+03 2.05284e-11
0     4   1   -4.82933e+03 2.01028e-11
0     4   1   -4.83243e+03 1.96349e-11
0     4   1   -4.83521e+03 1.92354e-11
0     4   1   -4.83801e+03 1.88702e-11
0     4   1   -4.84059e+03 1.85043e-11
0     4   1   -4.84320e+03 1.81700e-11
0     4   1   -4.84567e+03 1.78418e-11
0     4   1   -4.84805e+03 1.75468e-11
0     4   1   -4.85041e+03 1.72484e-11
0     4   1   -4.85270e+03 1.69474e-11
0     4   1   -4.85472e+03 1.67303e-11
0     4   1   -4.85663e+03 1.65080e-11
0     4   1   -4.85871e+03 1.62575e-11
0     4   1   -4.86066e+03 1.60322e-11
0     4   1   -4.86259e+03 1.58163e-11
0     4   1   -4.86440e+03 1.56067e-11
0     4   1   -4.86622e+03 1.54076e-11
0     4   1   -4.86796e+03 1.52223e-11
0     4   1   -4.86971e+03 1.50290e-11
0     4   1   -4.87138e+03 1.48459e-11
0     4   1   -4.87298e+03 1.46630e-11
0     4   1   -4.87457e+03 1.45005e-11
0     4   1   -4.87617e+03 1.43342e-11
0     4   1   -4.87766e+03 1.41960e-11
0     4   1   -4.87918e+03 1.40352e-11
0     4   1   -4.88065e+03 1.38839e-11
0     4   1   -4.88204e+03 1.37420e-11
0     4   1   -4.88348e+03 1.35985e-11
0     4   1   -4.88479e+03 1.34742e-11
3     5   2   -5.21213e+03 1.40981e-11 
0     5   2   -5.21235e+03 1.40903e-11
0     5   2   -5.21175e+03 1.41549e-11
0     5   2   -5.21116e+03 1.41898e-11
0     5   2   -5.21077e+03 1.42091e-11
0     5   2   -5.21041e+03 1.42230e-11
0     5   2   -5.21041e+03 1.42318e-11
0     5   2   -5.21029e+03 1.42404e-11
0     5   2   -5.21016e+03 1.42476e-11
0     5   2   -5.21000e+03 1.42492e-11
0     5   2   -5.20978e+03 1.42556e-11
0     5   2   -5.20948e+03 1.42617e-11
0     5   2   -5.20923e+03 1.42641e-11
0     5   2   -5.20923e+03 1.42592e-11
1     5   1   -4.90302e+03 1.35683e-11 
0     5   1   -4.90459e+03 1.34702e-11
2     5   0   -4.59158e+03 1.90514e-11 
0     5   0   -4.68723e+03 1.38756e-11
0     5   0   -4.70522e+03 1.28457e-11
0     5   0   -4.71898e+03 1.21238e-11
0     5   0   -4.73032e+03 1.15374e-11
2     5   1   -4.93826e+03 1.16564e-11 
0     5   1   -4.93936e+03 1.15318e-11
0     5   1   -4.94031e+03 1.14431e-11
0     5   1   -4.94123e+03 1.13521e-11
0     5   1   -4.94212e+03 1.12660e-11
0     5   1   -4.94293e+03 1.11861e-11
0     5   1   -4.94378e+03 1.11047e-11
0     5   1   -4.94455e+03 1.10336e-11
0     5   1   -4.94532e+03 1.09651e-11
0     5   1   -4.94610e+03 1.08962e-11
0     5   1   -4.94680e+03 1.08286e-11
0     5   1   -4.94754e+03 1.07589e-11
0     5   1   -4.94821e+03 1.06983e-11
0     5   1   -4.94885e+03 1.06443e-11
0     5   1   -4.94956e+03 1.05789e-11
0     5   1   -4.95015e+03 1.05215e-11
0     5   1   -4.95075e+03 1.04675e-11
0     5   1   -4.95135e+03 1.04149e-11
0     5   1   -4.95192e+03 1.03698e-11
0     5   1   -4.95251e+03 1.03166e-11
0     5   1   -4.95309e+03 1.02667e-11
0     5   1   -4.95364e+03 1.02201e-11
0     5   1   -4.95415e+03 1.01772e-11
0     5   1   -4.95467e+03 1.01309e-11
0     5   1   -4.95519e+03 1.00855e-11
0     5   1   -4.95566e+03 1.00415e-11
0     5   1   -4.95611e+03 1.00008e-11
0     5   1   -4.95664e+03 9.96261e-12
0     5   1   -4.95711e+03 9.92242e-12
0     5   1   -4.95761e+03 9.88002e-12
0     5   1   -4.95807e+03 9.84441e-12
3   0    1   0   -2.60756e+03 4.30119e-05 
3     1   1   -2.60932e+03 4.27505e-05 
3     2   2   -2.56498e+03 4.98649e-05 
0     2   2   -2.56520e+03 4.94826e-05
0     2   2   -2.56406e+03 4.77982e-05
0     2   2   -2.56306e+03 4.65088e-05
0     2   2   -2.56227e+03 4.54231e-05
0     2   2   -2.56155e+03 4.44347e-05
0     2   2   -2.56100e+03 4.35308e-05
0     2   2   -2.56052e+03 4.26656e-05
0     2   2   -2.56007e+03 4.18239e-05
0     2   2   -2.55940e+03 4.09883e-05
0     2   2   -2.55897e+03 4.01586e-05
0     2   2   -2.55854e+03 3.93389e-05
0     2   2   -2.55808e+03 3.85201e-05
0     2   2   -2.55778e+03 3.77403e-05
0     2   2   -2.55735e+03 3.69299e-05
0     2   2   -2.55688e+03 3.61151e-05
0     2   2   -2.55628e+03 3.52978e-05
0     2   2   -2.55567e+03 3.44536e-05
0     2   2   -2.55508e+03 3.35961e-05
0     2   2   -2.55443e+03 3.27268e-05
0     2   2   -2.55372e+03 3.19070e-05
0     2   2   -2.55296e+03 3.10569e-05
0     2   2   -2.55218e+03 3.01895e-05
0     2   2   -2.55138e+03 2.93033e-05
0     2   2   -2.55052e+03 2.84366e-05
0     2   2   -2.54979e+03 2.75586e-05
0     2   2   -2.54901e+03 2.66528e-05
0     2   2   -2.54798e+03 2.57547e-05
0     2   2   -2.54707e+03 2.48084e-05
0     2   2   -2.54615e+03 2.38337e-05
0     2   2   -2.54517e+03 2.28325e-05
0     2   2   -2.54375e+03 2.18025e-05
0     2   2   -2.54259e+03 2.07307e-05
0     2   2   -2.54147e+03 1.96174e-05
0     2   2   -2.54035e+03 1.84586e-05
0     2   2   -2.53974e+03 1.72695e-05
0     2   2   -2.53903e+03 1.60240e-05
0     2   2   -2.53830e+03 1.47115e-05
0     2   2   -2.53784e+03 1.33198e-05
0     2   2   -2.53670e+03 1.19222e-05
0     2   2   -2.53744e+03 1.04415e-05
0     2   2   -2.53999e+03 8.91031e-06
0     2   2   -2.54542e+03 7.37086e-06
0     2   2   -2.55438e+03 5.89645e-06
0     2   2   -2.56780e+03 4.56591e-06
0     2   2   -2.58810e+03 3.39212e-06
0     2   2   -2.61470e+03 2.43721e-06
0     2   2   -2.64591e+03 1.71261e-06
0     2   2   -2.67496e+03 1.23913e-06
0     2   2   -2.69485e+03 9.70340e-07
0     2   2   -2.70538e+03 8.38036e-07
0     2   2   -2.70963e+03 7.67584e-07
0     2   2   -2.71219e+03 7.26801e-07
0     2   2   -2.71394e+03 7.01341e-07
0     2   2   -2.71537e+03 6.86234e-07
1     2   1   -2.83521e+03 2.09985e-06 
0     2   1   -2.80925e+03 4.46192e-07
0     2   1   -3.05848e+03 3.45990e-07
0     2   1   -3.17147e+03 2.20906e-07
0     2   1   -3.25991e+03 1.53347e-07
0     2   1   -3.33075e+03 1.10172e-07
0     2   1   -3.38312e+03 8.60475e-08
0     2   1   -3.41925e+03 7.17048e-08
0     2   1   -3.44335e+03 6.31059e-08
0     2   1   -3.45974e+03 5.75435e-08
0     2   1   -3.47052e+03 5.38908e-08
1     2   0   -2.79385e+03 5.45188e-07 
0     2   0   -2.97541e+03 2.62358e-07
0     2   0   -3.14151e+03 1.17671e-07
0     2   0   -3.27612e+03 6.17680e-08
0     2   0   -3.36757e+03 3.95463e-08
0     2   0   -3.42648e+03 2.97482e-08
2     2   1   -3.49865e+03 3.00123e-08 
0     2   1   -3.58245e+03 1.89463e-08
0     2   1   -3.65211e+03 1.29433e-08
0     2   1   -3.71238e+03 9.10757e-09
0     2   1   -3.76781e+03 6.51100e-09
0     2   1   -3.81704e+03 4.74809e-09
0     2   1   -3.86466e+03 3.47025e-09
0     2   1   -3.91006e+03 2.56322e-09
0     2   1   -3.95616e+03 1.88927e-09
0     2   1   -4.00207e+03 1.38625e-09
0     2   1   -4.04692e+03 1.02662e-09
0     2   1   -4.09242e+03 7.59104e-10
0     2   1   -4.13484e+03 5.69016e-10
0     2   1   -4.16992e+03 4.46375e-10
0     2   1   -4.20060e+03 3.63048e-10
0     2   1   -4.22612e+03 3.06261e-10
0     2   1   -4.24544e+03 2.68081e-10
0     2   1   -4.26271e+03 2.37815e-10
0     2   1   -4.27760e+03 2.14532e-10
0     2   1   -4.28957e+03 1.96983e-10
0     2   1   -4.29888e+03 1.84751e-10
2     3   2   -4.54994e+03 1.93720e-10 
0     3   2   -4.55087e+03 1.92427e-10
2     3   1   -4.29913e+03 1.83581e-10 
0     3   1   -4.30559e+03 1.76170e-10
2     3   0   -3.55435e+03 1.83260e-09 
0     3   0   -3.99858e+03 3.73936e-10
0     3   0   -4.19760e+03 1.73151e-10
0     3   0   -4.29871e+03 1.11928e-10
0     3   0   -4.36414e+03 8.16880e-11
0     3   0   -4.41541e+03 6.33186e-11
2     3   1   -4.60022e+03 6.39489e-11 
0     3   1   -4.61907e+03 5.59999e-11
0     3   1   -4.63388e+03 5.09004e-11
0     3   1   -4.64618e+03 4.66929e-11
0     3   1   -4.65687e+03 4.37022e-11
0     3   1   -4.66713e+03 4.07952e-11
0     3   1   -4.67603e+03 3.84764e-11
0     3   1   -4.68412e+03 3.64393e-11
0     3   1   -4.69200e+03 3.45923e-11
0     3   1   -4.69920e+03 3.30690e-11
2     4   2   -4.98690e+03 3.52553e-11 
0     4   2   -4.98715e+03 3.50955e-11
2     4   1   -4.71154e+03 3.29317e-11 
0     4   1   -4.71643e+03 3.21858e-11
2     4   0   -4.45696e+03 4.05128e-11 
0     4   0   -4.53378e+03 3.05215e-11
0     4   0   -4.56797e+03 2.61094e-11
2     4   1   -4.76585e+03 2.63845e-11 
0     4   1   -4.76992e+03 2.54549e-11
0     4   1   -4.77372e+03 2.47498e-11
0     4   1   -4.77726e+03 2.40941e-11
0     4   1   -4.78063e+03 2.34983e-11
0     4   1   -4.78384e+03 2.29410e-11
0     4   1   -4.78686e+03 2.24528e-11
0     4   1   -4.78984e+03 2.19175e-11
0     4   1   -4.79266e+03 2.15007e-11
0     4   1   -4.79539e+03 2.11056e-11
0     4   1   -4.79794e+03 2.06863e-11
0     4   1   -4.80045e+03 2.03480e-11
0     4   1   -4.80297e+03 1.99694e-11
0     4   1   -4.80551e+03 1.95914e-11
0     4   1   -4.80766e+03 1.92784e-11
0     4   1   -4.80993e+03 1.89537e-11
0     4   1   -4.81222e+03 1.86338e-11
0     4   1   -4.81429e+03 1.83278e-11
0     4   1   -4.81632e+03 1.80658e-11
0     4   1   -4.81835e+03 1.78198e-11
0     4   1   -4.82037e+03 1.75575e-11
0     4   1   -4.82222e+03 1.73287e-11
2     5   2   -5.14255e+03 1.82061e-11 
0     5   2   -5.14257e+03 1.81865e-11
2     5   1   -4.84138e+03 1.73100e-11 
0     5   1   -4.84224e+03 1.73027e-11
2     5   0   -4.56171e+03 2.22743e-11 
0     5   0   -4.63576e+03 1.73235e-11
0     5   0   -4.65360e+03 1.59182e-11
0     5   0   -4.66784e+03 1.48914e-11
0     5   0   -4.67968e+03 1.40532e-11
0     5   0   -4.69045e+03 1.33317e-11
0     5   0   -4.69961e+03 1.27372e-11
0     5   0   -4.70782e+03 1.22177e-11
0     5   0   -4.71498e+03 1.17757e-11
0     5   0   -4.72127e+03 1.13921e-11
2     5   1   -4.92603e+03 1.15004e-11 
0     5   1   -4.92673e+03 1.14048e-11
0     5   1   -4.92743e+03 1.13278e-11
0     5   1   -4.92811e+03 1.12560e-11
0     5   1   -4.92872e+03 1.11884e-11
0     5   1   -4.92933e+03 1.11254e-11
0     5   1   -4.92982e+03 1.10657e-11
0     5   1   -4.93034e+03 1.10128e-11
0     5   1   -4.93084e+03 1.09578e-11
0     5   1   -4.93131e+03 1.09036e-11
0     5   1   -4.93182e+03 1.08495e-11
0     5   1   -4.93229e+03 1.07989e-11
0     5   1   -4.93276e+03 1.07522e-11
0     5   1   -4.93319e+03 1.07019e-11
0     5   1   -4.93361e+03 1.06568e-11
0     5   1   -4.93408e+03 1.06089e-11
0     5   1   -4.93447e+03 1.05654e-11
0     5   1   -4.93489e+03 1.05191e-11
0     5   1   -4.93526e+03 1.04802e-11
0     5   1   -4.93567e+03 1.04350e-11
0     5   1   -4.93607e+03 1.03959e-11
0     5   1   -4.93644e+03 1.03570e-11
0     5   1   -4.93677e+03 1.03185e-11
0     5   1   -4.93714e+03 1.02791e-11
0     5   1   -4.93750e+03 1.02453e-11
0     5   1   -4.93783e+03 1.02075e-11
0     5   1   -4.93818e+03 1.01727e-11
0     5   1   -4.93851e+03 1.01398e-11
0     5   1   -4.93882e+03 1.01090e-11
0     5   1   -4.93915e+03 1.00742e-11
0     5   1   -4.93947e+03 1.00420e-11
3   