0     1   0   -2.60756e+03 4.30117e-05 
3     1   1   -2.60932e+03 4.27508e-05 
3     2   2   -2.56497e+03 4.98665e-05 
0     2   2   -2.56513e+03 4.95130e-05
0     2   2   -2.56433e+03 4.82500e-05
0     2   2   -2.56349e+03 4.72132e-05
0     2   2   -2.56294e+03 4.62414e-05
0     2   2   -2.56256e+03 4.53871e-05
0     2   2   -2.56213e+03 4.45516e-05
0     2   2   -2.56180e+03 4.37557e-05
0     2   2   -2.56146e+03 4.30217e-05
0     2   2   -2.56124e+03 4.22623e-05
0     2   2   -2.56086e+03 4.15473e-05
0     2   2   -2.56040e+03 4.08047e-05
0     2   2   -2.56018e+03 4.01045e-05
0     2   2   -2.55974e+03 3.93692e-05
0     2   2   -2.55948e+03 3.86217e-05
0     2   2   -2.55900e+03 3.78894e-05
0     2   2   -2.55860e+03 3.71205e-05
0     2   2   -2.55807e+03 3.63610e-05
0     2   2   -2.55762e+03 3.55986e-05
0     2   2   -2.55715e+03 3.48370e-05
0     2   2   -2.55650e+03 3.40571e-05
0     2   2   -2.55583e+03 3.32870e-05
0     2   2   -2.55519e+03 3.24501e-05
0     2   2   -2.55434e+03 3.16374e-05
0     2   2   -2.55379e+03 3.08194e-05
0     2   2   -2.55313e+03 3.00180e-05
0     2   2   -2.55220e+03 2.91400e-05
0     2   2   -2.55170e+03 2.83173e-05
0     2   2   -2.55091e+03 2.74677e-05
0     2   2   -2.54998e+03 2.65705e-05
0     2   2   -2.54914e+03 2.56797e-05
0     2   2   -2.54811e+03 2.47746e-05
0     2   2   -2.54704e+03 2.38126e-05
0     2   2   -2.54625e+03 2.28596e-05
0     2   2   -2.54524e+03 2.18692e-05
0     2   2   -2.54425e+03 2.08714e-05
0     2   2   -2.54338e+03 1.98149e-05
0     2   2   -2.54188e+03 1.86806e-05
0     2   2   -2.54071e+03 1.75737e-05
0     2   2   -2.53974e+03 1.63976e-05
0     2   2   -2.53915e+03 1.51317e-05
0     2   2   -2.53798e+03 1.37692e-05
0     2   2   -2.53730e+03 1.24193e-05
0     2   2   -2.53774e+03 1.09341e-05
0     2   2   -2.53899e+03 9.43835e-06
0     2   2   -2.54371e+03 7.86864e-06
0     2   2   -2.54911e+03 6.37969e-06
0     2   2   -2.56131e+03 5.02153e-06
0     2   2   -2.57978e+03 3.76011e-06
0     2   2   -2.60498e+03 2.72508e-06
0     2   2   -2.63551e+03 1.91097e-06
0     2   2   -2.66790e+03 1.35059e-06
0     2   2   -2.69429e+03 1.02582e-06
0     2   2   -2.70753e+03 8.61254e-07
0     2   2   -2.71519e+03 7.71904e-07
0     2   2   -2.71899e+03 7.22053e-07
0     2   2   -2.72120e+03 6.92808e-07
0     2   2   -2.72193e+03 6.75165e-07
1     2   1   -2.83908e+03 2.05775e-06 
0     2   1   -2.83344e+03 4.26985e-07
0     2   1   -3.08112e+03 3.07792e-07
0     2   1   -3.20666e+03 1.97939e-07
0     2   1   -3.29519e+03 1.33538e-07
0     2   1   -3.36357e+03 9.72612e-08
0     2   1   -3.40859e+03 7.74810e-08
0     2   1   -3.43854e+03 6.63039e-08
0     2   1   -3.45767e+03 5.97040e-08
0     2   1   -3.47076e+03 5.54052e-08
0     2   1   -3.47950e+03 5.25228e-08
1     2   0   -2.79550e+03 5.38480e-07 
0     2   0   -2.97900e+03 2.57670e-07
0     2   0   -3.15311e+03 1.12426e-07
0     2   0   -3.28464e+03 5.86842e-08
0     2   0   -3.38253e+03 3.76262e-08
0     2   0   -3.43897e+03 2.83203e-08
2     2   1   -3.51082e+03 2.85507e-08 
0     2   1   -3.59270e+03 1.80924e-08
0     2   1   -3.65756e+03 1.25854e-08
0     2   1   -3.71403e+03 9.04650e-09
0     2   1   -3.76526e+03 6.61130e-09
0     2   1   -3.81266e+03 4.88303e-09
0     2   1   -3.86028e+03 3.55332e-09
0     2   1   -3.90583e+03 2.64090e-09
0     2   1   -3.95231e+03 1.94022e-09
0     2   1   -3.99819e+03 1.42972e-09
0     2   1   -4.04382e+03 1.05726e-09
0     2   1   -4.09034e+03 7.71024e-10
0     2   1   -4.13488e+03 5.73608e-10
0     2   1   -4.17239e+03 4.47617e-10
0     2   1   -4.20402e+03 3.62544e-10
0     2   1   -4.23065e+03 3.03124e-10
0     2   1   -4.25179e+03 2.61494e-10
0     2   1   -4.26895e+03 2.32113e-10
0     2   1   -4.28303e+03 2.11133e-10
0     2   1   -4.29450e+03 1.95058e-10
0     2   1   -4.30371e+03 1.82780e-10
0     2   1   -4.31174e+03 1.72791e-10
0     2   1   -4.31825e+03 1.65029e-10
0     2   1   -4.32392e+03 1.58421e-10
2     3   2   -4.58053e+03 1.66725e-10 
0     3   2   -4.58097e+03 1.66072e-10
2     3   1   -4.32267e+03 1.57734e-10 
0     3   1   -4.32712e+03 1.52784e-10
2     3   0   -3.55024e+03 1.73701e-09 
0     3   0   -4.00890e+03 3.36105e-10
0     3   0   -4.21611e+03 1.48255e-10
0     3   0   -4.32030e+03 9.62756e-11
0     3   0   -4.38732e+03 7.02352e-11
0     3   0   -4.43848e+03 5.48143e-11
0     3   0   -4.47848e+03 4.48878e-11
0     3   0   -4.51079e+03 3.80997e-11
2     3   1   -4.70370e+03 3.85287e-11 
0     3   1   -4.71588e+03 3.53562e-11
0     3   1   -4.72517e+03 3.33493e-11
0     3   1   -4.73340e+03 3.16807e-11
0     3   1   -4.74073e+03 3.02908e-11
0     3   1   -4.74751e+03 2.90142e-11
0     3   1   -4.75353e+03 2.78313e-11
0     3   1   -4.75931e+03 2.68882e-11
0     3   1   -4.76433e+03 2.60037e-11
0     3   1   -4.76928e+03 2.51565e-11
0     3   1   -4.77420e+03 2.43396e-11
0     3   1   -4.77892e+03 2.36091e-11
0     3   1   -4.78306e+03 2.30109e-11
0     3   1   -4.78703e+03 2.24110e-11
0     3   1   -4.79098e+03 2.18341e-11
0     3   1   -4.79455e+03 2.13516e-11
0     3   1   -4.79814e+03 2.08301e-11
0     3   1   -4.80163e+03 2.03363e-11
2     4   2   -5.10777e+03 2.14287e-11 
0     4   2   -5.10837e+03 2.13954e-11
0     4   2   -5.10746e+03 2.14823e-11
0     4   2   -5.10700e+03 2.15094e-11
0     4   2   -5.10678e+03 2.15161e-11
0     4   2   -5.10667e+03 2.15599e-11
0     4   2   -5.10636e+03 2.15524e-11
0     4   2   -5.10633e+03 2.15478e-11
0     4   2   -5.10614e+03 2.15572e-11
0     4   2   -5.10581e+03 2.15471e-11
0     4   2   -5.10533e+03 2.15565e-11
0     4   2   -5.10512e+03 2.15548e-11
0     4   2   -5.10501e+03 2.15440e-11
0     4   2   -5.10508e+03 2.15397e-11
2     4   1   -4.81019e+03 2.04610e-11 
0     4   1   -4.81579e+03 1.97663e-11
0     4   1   -4.81893e+03 1.93334e-11
2     4   0   -4.50953e+03 2.81341e-11 
0     4   0   -4.61049e+03 2.02645e-11
0     4   0   -4.63494e+03 1.81987e-11
2     4   1   -4.84022e+03 1.83810e-11 
0     4   1   -4.84247e+03 1.79957e-11
0     4   1   -4.84444e+03 1.77510e-11
0     4   1   -4.84644e+03 1.74684e-11
0     4   1   -4.84832e+03 1.72183e-11
0     4   1   -4.85021e+03 1.69540e-11
0     4   1   -4.85184e+03 1.67314e-11
0     4   1   -4.85347e+03 1.65181e-11
0     4   1   -4.85499e+03 1.63379e-11
0     4   1   -4.85649e+03 1.61544e-11
0     4   1   -4.85794e+03 1.59755e-11
0     4   1   -4.85939e+03 1.57897e-11
0     4   1   -4.86077e+03 1.56016e-11
0     4   1   -4.86214e+03 1.54263e-11
0     4   1   -4.86347e+03 1.52774e-11
0     4   1   -4.86473e+03 1.51302e-11
0     4   1   -4.86596e+03 1.49825e-11
0     4   1   -4.86726e+03 1.48287e-11
0     4   1   -4.86843e+03 1.47085e-11
0     4   1   -4.86961e+03 1.45593e-11
0     4   1   -4.87084e+03 1.44191e-11
0     4   1   -4.87198e+03 1.42888e-11
0     4   1   -4.87305e+03 1.41598e-11
0     4   1   -4.87418e+03 1.40440e-11
0     4   1   -4.87522e+03 1.39282e-11
0     4   1   -4.87625e+03 1.38094e-11
0     4   1   -4.87725e+03 1.37000e-11
0     4   1   -4.87828e+03 1.35907e-11
0     4   1   -4.87924e+03 1.34913e-11
0     4   1   -4.88020e+03 1.33946e-11
0     4   1   -4.88112e+03 1.32906e-11
3     5   2   -5.21009e+03 1.38296e-11 
0     5   2   -5.21014e+03 1.38226e-11
2     5   1   -4.89803e+03 1.32839e-11 
0     5   1   -4.89901e+03 1.31885e-11
2     5   0   -4.62859e+03 1.60677e-11 
0     5   0   -4.68394e+03 1.33779e-11
0     5   0   -4.69711e+03 1.26823e-11
0     5   0   -4.70742e+03 1.21353e-11
0     5   0   -4.71594e+03 1.16779e-11
0     5   0   -4.72334e+03 1.12807e-11
2     5   1   -4.93051e+03 1.13911e-11 
0     5   1   -4.93118e+03 1.13106e-11
0     5   1   -4.93185e+03 1.12468e-11
0     5   1   -4.93244e+03 1.11798e-11
0     5   1   -4.93298e+03 1.11219e-11
0     5   1   -4.93352e+03 1.10667e-11
0     5   1   -4.93407e+03 1.10080e-11
0     5   1   -4.93458e+03 1.09510e-11
0     5   1   -4.93507e+03 1.09013e-11
0     5   1   -4.93559e+03 1.08502e-11
0     5   1   -4.93606e+03 1.07965e-11
0     5   1   -4.93651e+03 1.07556e-11
0     5   1   -4.93699e+03 1.07064e-11
0     5   1   -4.93739e+03 1.06658e-11
0     5   1   -4.93782e+03 1.06201e-11
0     5   1   -4.93826e+03 1.05749e-11
0     5   1   -4.93867e+03 1.05331e-11
0     5   1   -4.93909e+03 1.04947e-11
0     5   1   -4.93949e+03 1.04542e-11
0     5   1   -4.93989e+03 1.04124e-11
0     5   1   -4.94032e+03 1.03749e-11
0     5   1   -4.94068e+03 1.03400e-11
2     6   2   -5.26847e+03 1.06768e-11 
0     6   2   -5.26847e+03 1.06755e-11
2     6   1   -4.94634e+03 1.03384e-11 
0     6   1   -4.94673e+03 1.03027e-11
2     6   0   -4.72508e+03 1.06715e-11 
0     6   0   -4.73851e+03 1.01737e-11
0     6   0   -4.74389e+03 9.93786e-12
0     6   0   -4.74833e+03 9.73839e-12
0     6   0   -4.75251e+03 9.55451e-12
0     6   0   -4.75613e+03 9.39046e-12
0     6   0   -4.75950e+03 9.24087e-12
0     6   0   -4.76271e+03 9.10006e-12
0     6   0   -4.76556e+03 8.97500e-12
2     6   1   -4.97204e+03 9.06489e-12 
0     6   1   -4.97226e+03 9.03651e-12
0     6   1   -4.97253e+03 9.01681e-12
0     6   1   -4.97274e+03 8.99754e-12
0     6   1   -4.97296e+03 8.97535e-12
0     6   1   -4.97317e+03 8.95667e-12



