0    1    0  	-2.607563e+03  	4.301172e-05
0    1    0  	-2.607400e+03  	4.301172e-05
0    2    0  	-2.607563e+03  	4.299003e-05
0    2    0  	-2.607531e+03  	4.299003e-05
0    3    0  	-2.607663e+03  	4.297039e-05
0    3    0  	-2.607615e+03  	4.297039e-05
0    4    0  	-2.607748e+03  	4.295046e-05
0    4    0  	-2.607700e+03  	4.295046e-05
0    5    0  	-2.607828e+03  	4.293145e-05
0    5    0  	-2.607781e+03  	4.293145e-05
0    6    0  	-2.607903e+03  	4.291324e-05
0    6    0  	-2.607858e+03  	4.291324e-05
0    7    0  	-2.607976e+03  	4.289575e-05
0    7    0  	-2.607933e+03  	4.289575e-05
0    8    0  	-2.608047e+03  	4.287885e-05
0    8    0  	-2.608007e+03  	4.287885e-05
0    9    0  	-2.608117e+03  	4.286251e-05
0    9    0  	-2.608077e+03  	4.286251e-05
0   10    0  	-2.608184e+03  	4.284659e-05
0   10    0  	-2.608146e+03  	4.284659e-05
0   11    0  	-2.608251e+03  	4.283109e-05
0   11    0  	-2.608212e+03  	4.283109e-05
0   12    0  	-2.608314e+03  	4.281599e-05
0   12    0  	-2.608277e+03  	4.281599e-05
0   13    0  	-2.608376e+03  	4.280118e-05
0   13    0  	-2.608340e+03  	4.280118e-05
0   14    0  	-2.608437e+03  	4.278674e-05
0   14    0  	-2.608402e+03  	4.278674e-05
0   15    0  	-2.608497e+03  	4.277276e-05
0   15    0  	-2.608461e+03  	4.277276e-05
0   16    0  	-2.608553e+03  	4.275898e-05
0   16    0  	-2.608518e+03  	4.275898e-05
0   17    0  	-2.608609e+03  	4.274543e-05
0   17    0  	-2.608573e+03  	4.274543e-05
0   18    0  	-2.608663e+03  	4.273205e-05
0   18    0  	-2.608627e+03  	4.273205e-05
0   19    0  	-2.608716e+03  	4.271876e-05
0   19    0  	-2.608681e+03  	4.271876e-05
0   20    0  	-2.608768e+03  	4.270583e-05
0   20    0  	-2.608731e+03  	4.270583e-05
0   21    0  	-2.608818e+03  	4.269294e-05
0   21    0  	-2.608781e+03  	4.269294e-05
0   22    0  	-2.608869e+03  	4.268001e-05
0   22    0  	-2.608832e+03  	4.268001e-05
0   23    0  	-2.608918e+03  	4.266719e-05
0   23    0  	-2.608882e+03  	4.266719e-05
0   24    0  	-2.608967e+03  	4.265449e-05
0   24    0  	-2.608930e+03  	4.265449e-05
0   25    0  	-2.609016e+03  	4.264169e-05
0   25    0  	-2.608979e+03  	4.264169e-05
0   26    0  	-2.609065e+03  	4.262888e-05
0   26    0  	-2.609026e+03  	4.262888e-05
0   27    0  	-2.609113e+03  	4.261606e-05
0   27    0  	-2.609074e+03  	4.261606e-05
0   28    0  	-2.609162e+03  	4.260303e-05
0   28    0  	-2.609122e+03  	4.260303e-05
0   29    0  	-2.609210e+03  	4.258994e-05
0   29    0  	-2.609171e+03  	4.258994e-05
0   30    0  	-2.609259e+03  	4.257691e-05
0   30    0  	-2.609218e+03  	4.257691e-05
0   31    0  	-2.609307e+03  	4.256375e-05
0   31    0  	-2.609266e+03  	4.256375e-05
0   32    0  	-2.609355e+03  	4.255049e-05
0   32    0  	-2.609313e+03  	4.255049e-05
0   33    0  	-2.609405e+03  	4.253696e-05
0   33    0  	-2.609362e+03  	4.253696e-05
0   34    0  	-2.609455e+03  	4.252327e-05
0   34    0  	-2.609411e+03  	4.252327e-05
0   35    0  	-2.609504e+03  	4.250952e-05
0   35    0  	-2.609460e+03  	4.250952e-05
0   36    0  	-2.609555e+03  	4.249562e-05
0   36    0  	-2.609510e+03  	4.249562e-05
0   37    0  	-2.609605e+03  	4.248162e-05
0   37    0  	-2.609560e+03  	4.248162e-05
0   38    0  	-2.609656e+03  	4.246739e-05
0   38    0  	-2.609611e+03  	4.246739e-05
0   39    0  	-2.609708e+03  	4.245302e-05
0   39    0  	-2.609662e+03  	4.245302e-05
0   40    0  	-2.609760e+03  	4.243854e-05
0   40    0  	-2.609714e+03  	4.243854e-05
0   41    0  	-2.609813e+03  	4.242389e-05
0   41    0  	-2.609767e+03  	4.242389e-05
0   42    0  	-2.609866e+03  	4.240923e-05
0   42    0  	-2.609819e+03  	4.240923e-05
0   43    0  	-2.609919e+03  	4.239450e-05
0   43    0  	-2.609872e+03  	4.239450e-05
0   44    0  	-2.609972e+03  	4.237974e-05
0   44    0  	-2.609923e+03  	4.237974e-05
0   45    0  	-2.610025e+03  	4.236474e-05
0   45    0  	-2.609976e+03  	4.236474e-05
0   46    0  	-2.610078e+03  	4.234972e-05
0   46    0  	-2.610029e+03  	4.234972e-05
0   47    0  	-2.610131e+03  	4.233468e-05
0   47    0  	-2.610082e+03  	4.233468e-05
0   48    0  	-2.610185e+03  	4.231964e-05
0   48    0  	-2.610134e+03  	4.231964e-05
0   49    0  	-2.610238e+03  	4.230445e-05
0   49    0  	-2.610187e+03  	4.230445e-05
0   50    0  	-2.610291e+03  	4.228916e-05
0   50    0  	-2.610240e+03  	4.228916e-05
0   51    0  	-2.610345e+03  	4.227375e-05
0   51    0  	-2.610294e+03  	4.227375e-05
0   52    0  	-2.610398e+03  	4.225846e-05
0   52    0  	-2.610346e+03  	4.225846e-05
0   53    0  	-2.610452e+03  	4.224303e-05
0   53    0  	-2.610399e+03  	4.224303e-05
0   54    0  	-2.610505e+03  	4.222753e-05
0   54    0  	-2.610453e+03  	4.222753e-05
0   55    0  	-2.610559e+03  	4.221208e-05
0   55    0  	-2.610506e+03  	4.221208e-05
0   56    0  	-2.610612e+03  	4.219658e-05
0   56    0  	-2.610558e+03  	4.219658e-05
0   57    0  	-2.610666e+03  	4.218084e-05
0   57    0  	-2.610611e+03  	4.218084e-05
0   58    0  	-2.610719e+03  	4.216508e-05
0   58    0  	-2.610666e+03  	4.216508e-05
0   59    0  	-2.610773e+03  	4.214933e-05
0   59    0  	-2.610718e+03  	4.214933e-05
0   60    0  	-2.610827e+03  	4.213345e-05
0   60    0  	-2.610772e+03  	4.213345e-05
0   61    0  	-2.610882e+03  	4.211740e-05
0   61    0  	-2.610827e+03  	4.211740e-05
0   62    0  	-2.610936e+03  	4.210144e-05
0   62    0  	-2.610881e+03  	4.210144e-05
0   63    0  	-2.610990e+03  	4.208544e-05
0   63    0  	-2.610935e+03  	4.208544e-05
0   64    0  	-2.611044e+03  	4.206943e-05
0   64    0  	-2.610988e+03  	4.206943e-05
0   65    0  	-2.611098e+03  	4.205337e-05
0   65    0  	-2.611043e+03  	4.205337e-05
0   66    0  	-2.611153e+03  	4.203728e-05
0   66    0  	-2.611096e+03  	4.203728e-05
0   67    0  	-2.611207e+03  	4.202116e-05
0   67    0  	-2.611150e+03  	4.202116e-05
0   68    0  	-2.611260e+03  	4.200506e-05
0   68    0  	-2.611204e+03  	4.200506e-05
0   69    0  	-2.611315e+03  	4.198891e-05
0   69    0  	-2.611258e+03  	4.198891e-05
0   70    0  	-2.611368e+03  	4.197282e-05
0   70    0  	-2.611310e+03  	4.197282e-05
0   71    0  	-2.611422e+03  	4.195658e-05
0   71    0  	-2.611365e+03  	4.195658e-05
0   72    0  	-2.611475e+03  	4.194049e-05
0   72    0  	-2.611417e+03  	4.194049e-05
0   73    0  	-2.611528e+03  	4.192439e-05
0   73    0  	-2.611470e+03  	4.192439e-05
0   74    0  	-2.611581e+03  	4.190828e-05
0   74    0  	-2.611522e+03  	4.190828e-05
0   75    0  	-2.611634e+03  	4.189212e-05
0   75    0  	-2.611574e+03  	4.189212e-05
0   76    0  	-2.611687e+03  	4.187577e-05
0   76    0  	-2.611628e+03  	4.187577e-05
0   77    0  	-2.611739e+03  	4.185963e-05
0   77    0  	-2.611680e+03  	4.185963e-05
0   78    0  	-2.611792e+03  	4.184340e-05
0   78    0  	-2.611732e+03  	4.184340e-05
0   79    0  	-2.611844e+03  	4.182720e-05
0   79    0  	-2.611784e+03  	4.182720e-05
0   80    0  	-2.611896e+03  	4.181085e-05
0   80    0  	-2.611837e+03  	4.181085e-05
0   81    0  	-2.611949e+03  	4.179459e-05
0   81    0  	-2.611888e+03  	4.179459e-05
0   82    0  	-2.612000e+03  	4.177828e-05
0   82    0  	-2.611939e+03  	4.177828e-05
0   83    0  	-2.612052e+03  	4.176181e-05
0   83    0  	-2.611991e+03  	4.176181e-05
0   84    0  	-2.612105e+03  	4.174531e-05
0   84    0  	-2.612043e+03  	4.174531e-05
0   85    0  	-2.612157e+03  	4.172881e-05
0   85    0  	-2.612094e+03  	4.172881e-05
0   86    0  	-2.612209e+03  	4.171215e-05
0   86    0  	-2.612147e+03  	4.171215e-05
0   87    0  	-2.612261e+03  	4.169562e-05
0   87    0  	-2.612199e+03  	4.169562e-05
0   88    0  	-2.612313e+03  	4.167909e-05
0   88    0  	-2.612250e+03  	4.167909e-05
0   89    0  	-2.612365e+03  	4.166245e-05
0   89    0  	-2.612302e+03  	4.166245e-05
0   90    0  	-2.612418e+03  	4.164577e-05
0   90    0  	-2.612355e+03  	4.164577e-05
0   91    0  	-2.612470e+03  	4.162915e-05
0   91    0  	-2.612406e+03  	4.162915e-05
0   92    0  	-2.612522e+03  	4.161228e-05
0   92    0  	-2.612458e+03  	4.161228e-05
0   93    0  	-2.612574e+03  	4.159547e-05
0   93    0  	-2.612510e+03  	4.159547e-05
0   94    0  	-2.612627e+03  	4.157861e-05
0   94    0  	-2.612562e+03  	4.157861e-05
0   95    0  	-2.612680e+03  	4.156161e-05
0   95    0  	-2.612614e+03  	4.156161e-05
0   96    0  	-2.612732e+03  	4.154458e-05
0   96    0  	-2.612667e+03  	4.154458e-05
0   97    0  	-2.612784e+03  	4.152762e-05
0   97    0  	-2.612719e+03  	4.152762e-05
0   98    0  	-2.612836e+03  	4.151076e-05
0   98    0  	-2.612770e+03  	4.151076e-05
0   99    0  	-2.612887e+03  	4.149386e-05
0   99    0  	-2.612822e+03  	4.149386e-05
0  100    0  	-2.612940e+03  	4.147682e-05
0  100    0  	-2.612873e+03  	4.147682e-05
0  101    0  	-2.612992e+03  	4.145966e-05
0  101    0  	-2.612925e+03  	4.145966e-05
0  102    0  	-2.613044e+03  	4.144256e-05
0  102    0  	-2.612976e+03  	4.144256e-05
0  103    0  	-2.613096e+03  	4.142527e-05
0  103    0  	-2.613029e+03  	4.142527e-05
0  104    0  	-2.613148e+03  	4.140808e-05
0  104    0  	-2.613081e+03  	4.140808e-05
0  105    0  	-2.613201e+03  	4.139081e-05
0  105    0  	-2.613132e+03  	4.139081e-05
0  106    0  	-2.613253e+03  	4.137343e-05
0  106    0  	-2.613185e+03  	4.137343e-05
0  107    0  	-2.613305e+03  	4.135617e-05
0  107    0  	-2.613237e+03  	4.135617e-05
0  108    0  	-2.613357e+03  	4.133885e-05
0  108    0  	-2.613287e+03  	4.133885e-05
0  109    0  	-2.613409e+03  	4.132145e-05
0  109    0  	-2.613338e+03  	4.132145e-05
0  110    0  	-2.613460e+03  	4.130396e-05
0  110    0  	-2.613390e+03  	4.130396e-05
0  111    0  	-2.613512e+03  	4.128645e-05
0  111    0  	-2.613442e+03  	4.128645e-05
0  112    0  	-2.613564e+03  	4.126904e-05
0  112    0  	-2.613493e+03  	4.126904e-05
0  113    0  	-2.613615e+03  	4.125155e-05
0  113    0  	-2.613544e+03  	4.125155e-05
0  114    0  	-2.613667e+03  	4.123399e-05
0  114    0  	-2.613596e+03  	4.123399e-05
0  115    0  	-2.613719e+03  	4.121634e-05
0  115    0  	-2.613647e+03  	4.121634e-05
0  116    0  	-2.613770e+03  	4.119872e-05
0  116    0  	-2.613698e+03  	4.119872e-05
0  117    0  	-2.613821e+03  	4.118103e-05
0  117    0  	-2.613749e+03  	4.118103e-05
0  118    0  	-2.613872e+03  	4.116347e-05
0  118    0  	-2.613800e+03  	4.116347e-05
0  119    0  	-2.613924e+03  	4.114571e-05
0  119    0  	-2.613850e+03  	4.114571e-05
0  120    0  	-2.613974e+03  	4.112801e-05
0  120    0  	-2.613901e+03  	4.112801e-05
0  121    0  	-2.614025e+03  	4.111018e-05
0  121    0  	-2.613952e+03  	4.111018e-05
0  122    0  	-2.614077e+03  	4.109240e-05
0  122    0  	-2.614003e+03  	4.109240e-05
0  123    0  	-2.614128e+03  	4.107460e-05
0  123    0  	-2.614053e+03  	4.107460e-05
0  124    0  	-2.614179e+03  	4.105660e-05
0  124    0  	-2.614105e+03  	4.105660e-05
0  125    0  	-2.614231e+03  	4.103865e-05
0  125    0  	-2.614156e+03  	4.103865e-05
0  126    0  	-2.614282e+03  	4.102076e-05
0  126    0  	-2.614207e+03  	4.102076e-05
0  127    0  	-2.614333e+03  	4.100270e-05
0  127    0  	-2.614258e+03  	4.100270e-05
0  128    0  	-2.614385e+03  	4.098473e-05
0  128    0  	-2.614309e+03  	4.098473e-05
0  129    0  	-2.614436e+03  	4.096675e-05
0  129    0  	-2.614360e+03  	4.096675e-05
0  130    0  	-2.614487e+03  	4.094873e-05
0  130    0  	-2.614410e+03  	4.094873e-05
0  131    0  	-2.614539e+03  	4.093047e-05
0  131    0  	-2.614463e+03  	4.093047e-05
0  132    0  	-2.614590e+03  	4.091242e-05
0  132    0  	-2.614513e+03  	4.091242e-05
0  133    0  	-2.614641e+03  	4.089417e-05
0  133    0  	-2.614564e+03  	4.089417e-05
0  134    0  	-2.614692e+03  	4.087595e-05
0  134    0  	-2.614615e+03  	4.087595e-05
0  135    0  	-2.614744e+03  	4.085760e-05
0  135    0  	-2.614666e+03  	4.085760e-05
0  136    0  	-2.614795e+03  	4.083925e-05
0  136    0  	-2.614718e+03  	4.083925e-05
0  137    0  	-2.614847e+03  	4.082097e-05
0  137    0  	-2.614768e+03  	4.082097e-05
0  138    0  	-2.614898e+03  	4.080261e-05
0  138    0  	-2.614819e+03  	4.080261e-05
0  139    0  	-2.614948e+03  	4.078434e-05
0  139    0  	-2.614869e+03  	4.078434e-05
0  140    0  	-2.614999e+03  	4.076592e-05
0  140    0  	-2.614921e+03  	4.076592e-05
0  141    0  	-2.615050e+03  	4.074758e-05
0  141    0  	-2.614971e+03  	4.074758e-05
0  142    0  	-2.615101e+03  	4.072918e-05
0  142    0  	-2.615023e+03  	4.072918e-05
0  143    0  	-2.615152e+03  	4.071098e-05
0  143    0  	-2.615073e+03  	4.071098e-05
0  144    0  	-2.615202e+03  	4.069264e-05
0  144    0  	-2.615123e+03  	4.069264e-05
0  145    0  	-2.615252e+03  	4.067428e-05
0  145    0  	-2.615172e+03  	4.067428e-05
0  146    0  	-2.615302e+03  	4.065602e-05
0  146    0  	-2.615222e+03  	4.065602e-05
0  147    0  	-2.615352e+03  	4.063764e-05
0  147    0  	-2.615271e+03  	4.063764e-05
0  148    0  	-2.615402e+03  	4.061915e-05
0  148    0  	-2.615321e+03  	4.061915e-05
0  149    0  	-2.615452e+03  	4.060073e-05
0  149    0  	-2.615371e+03  	4.060073e-05
0  150    0  	-2.615502e+03  	4.058230e-05
0  150    0  	-2.615420e+03  	4.058230e-05
0  151    0  	-2.615551e+03  	4.056379e-05
0  151    0  	-2.615471e+03  	4.056379e-05
0  152    0  	-2.615601e+03  	4.054539e-05
0  152    0  	-2.615520e+03  	4.054539e-05
0  153    0  	-2.615652e+03  	4.052682e-05
0  153    0  	-2.615570e+03  	4.052682e-05
0  154    0  	-2.615702e+03  	4.050830e-05
0  154    0  	-2.615620e+03  	4.050830e-05
0  155    0  	-2.615751e+03  	4.048979e-05
0  155    0  	-2.615668e+03  	4.048979e-05
0  156    0  	-2.615801e+03  	4.047112e-05
0  156    0  	-2.615717e+03  	4.047112e-05
0  157    0  	-2.615850e+03  	4.045240e-05
0  157    0  	-2.615767e+03  	4.045240e-05
0  158    0  	-2.615900e+03  	4.043384e-05
0  158    0  	-2.615816e+03  	4.043384e-05
0  159    0  	-2.615949e+03  	4.041520e-05
0  159    0  	-2.615864e+03  	4.041520e-05
0  160    0  	-2.615998e+03  	4.039645e-05
0  160    0  	-2.615914e+03  	4.039645e-05
0  161    0  	-2.616047e+03  	4.037773e-05
0  161    0  	-2.615963e+03  	4.037773e-05
0  162    0  	-2.616096e+03  	4.035902e-05
0  162    0  	-2.616012e+03  	4.035902e-05
0  163    0  	-2.616146e+03  	4.034033e-05
0  163    0  	-2.616061e+03  	4.034033e-05
0  164    0  	-2.616195e+03  	4.032162e-05
0  164    0  	-2.616110e+03  	4.032162e-05
0  165    0  	-2.616243e+03  	4.030300e-05
0  165    0  	-2.616158e+03  	4.030300e-05
0  166    0  	-2.616291e+03  	4.028439e-05
0  166    0  	-2.616207e+03  	4.028439e-05
0  167    0  	-2.616340e+03  	4.026577e-05
0  167    0  	-2.616254e+03  	4.026577e-05
0  168    0  	-2.616388e+03  	4.024700e-05
0  168    0  	-2.616303e+03  	4.024700e-05
0  169    0  	-2.616437e+03  	4.022825e-05
0  169    0  	-2.616352e+03  	4.022825e-05
0  170    0  	-2.616487e+03  	4.020948e-05
0  170    0  	-2.616400e+03  	4.020948e-05
0  171    0  	-2.616535e+03  	4.019068e-05
0  171    0  	-2.616449e+03  	4.019068e-05
0  172    0  	-2.616584e+03  	4.017186e-05
0  172    0  	-2.616498e+03  	4.017186e-05
0  173    0  	-2.616632e+03  	4.015314e-05
0  173    0  	-2.616545e+03  	4.015314e-05
0  174    0  	-2.616679e+03  	4.013444e-05
0  174    0  	-2.616593e+03  	4.013444e-05
0  175    0  	-2.616727e+03  	4.011572e-05
0  175    0  	-2.616641e+03  	4.011572e-05
0  176    0  	-2.616775e+03  	4.009701e-05
0  176    0  	-2.616689e+03  	4.009701e-05
0  177    0  	-2.616823e+03  	4.007835e-05
0  177    0  	-2.616736e+03  	4.007835e-05
0  178    0  	-2.616871e+03  	4.005962e-05
0  178    0  	-2.616783e+03  	4.005962e-05
0  179    0  	-2.616917e+03  	4.004092e-05
0  179    0  	-2.616830e+03  	4.004092e-05
0  180    0  	-2.616965e+03  	4.002224e-05
0  180    0  	-2.616877e+03  	4.002224e-05
0  181    0  	-2.617012e+03  	4.000342e-05
0  181    0  	-2.616924e+03  	4.000342e-05
0  182    0  	-2.617061e+03  	3.998448e-05
0  182    0  	-2.616973e+03  	3.998448e-05
0  183    0  	-2.617108e+03  	3.996567e-05
0  183    0  	-2.617020e+03  	3.996567e-05
0  184    0  	-2.617156e+03  	3.994682e-05
0  184    0  	-2.617067e+03  	3.994682e-05
0  185    0  	-2.617202e+03  	3.992810e-05
0  185    0  	-2.617114e+03  	3.992810e-05
0  186    0  	-2.617249e+03  	3.990932e-05
0  186    0  	-2.617161e+03  	3.990932e-05
0  187    0  	-2.617297e+03  	3.989060e-05
0  187    0  	-2.617208e+03  	3.989060e-05
0  188    0  	-2.617344e+03  	3.987180e-05
0  188    0  	-2.617254e+03  	3.987180e-05
0  189    0  	-2.617391e+03  	3.985287e-05
0  189    0  	-2.617301e+03  	3.985287e-05
0  190    0  	-2.617437e+03  	3.983409e-05
0  190    0  	-2.617347e+03  	3.983409e-05
0  191    0  	-2.617484e+03  	3.981524e-05
0  191    0  	-2.617396e+03  	3.981524e-05
0  192    0  	-2.617531e+03  	3.979661e-05
0  192    0  	-2.617441e+03  	3.979661e-05
0  193    0  	-2.617576e+03  	3.977791e-05
0  193    0  	-2.617486e+03  	3.977791e-05
0  194    0  	-2.617623e+03  	3.975903e-05
0  194    0  	-2.617532e+03  	3.975903e-05
0  195    0  	-2.617670e+03  	3.974012e-05
0  195    0  	-2.617581e+03  	3.974012e-05
0  196    0  	-2.617715e+03  	3.972153e-05
0  196    0  	-2.617624e+03  	3.972153e-05
0  197    0  	-2.617761e+03  	3.970256e-05
0  197    0  	-2.617671e+03  	3.970256e-05
0  198    0  	-2.617808e+03  	3.968363e-05
0  198    0  	-2.617719e+03  	3.968363e-05
0  199    0  	-2.617855e+03  	3.966485e-05
0  199    0  	-2.617765e+03  	3.966485e-05
0  200    0  	-2.617901e+03  	3.964608e-05
0  200    0  	-2.617811e+03  	3.964608e-05
0  201    0  	-2.617948e+03  	3.962723e-05
0  201    0  	-2.617857e+03  	3.962723e-05
0  202    0  	-2.617994e+03  	3.960839e-05
0  202    0  	-2.617901e+03  	3.960839e-05
0  203    0  	-2.618039e+03  	3.958942e-05
0  203    0  	-2.617948e+03  	3.958942e-05
0  204    0  	-2.618085e+03  	3.957065e-05
0  204    0  	-2.617993e+03  	3.957065e-05
0  205    0  	-2.618130e+03  	3.955173e-05
0  205    0  	-2.618039e+03  	3.955173e-05
0  206    0  	-2.618177e+03  	3.953280e-05
0  206    0  	-2.618084e+03  	3.953280e-05
0  207    0  	-2.618223e+03  	3.951377e-05
0  207    0  	-2.618131e+03  	3.951377e-05
0  208    0  	-2.618269e+03  	3.949491e-05
0  208    0  	-2.618176e+03  	3.949491e-05
0  209    0  	-2.618314e+03  	3.947591e-05
0  209    0  	-2.618221e+03  	3.947591e-05
0  210    0  	-2.618360e+03  	3.945696e-05
0  210    0  	-2.618267e+03  	3.945696e-05
0  211    0  	-2.618405e+03  	3.943799e-05
0  211    0  	-2.618312e+03  	3.943799e-05
0  212    0  	-2.618450e+03  	3.941919e-05
0  212    0  	-2.618357e+03  	3.941919e-05
0  213    0  	-2.618495e+03  	3.940025e-05
0  213    0  	-2.618402e+03  	3.940025e-05
0  214    0  	-2.618540e+03  	3.938132e-05
0  214    0  	-2.618446e+03  	3.938132e-05
0  215    0  	-2.618584e+03  	3.936239e-05
0  215    0  	-2.618491e+03  	3.936239e-05
0  216    0  	-2.618630e+03  	3.934348e-05
0  216    0  	-2.618536e+03  	3.934348e-05
0  217    0  	-2.618674e+03  	3.932454e-05
0  217    0  	-2.618580e+03  	3.932454e-05
0  218    0  	-2.618719e+03  	3.930558e-05
0  218    0  	-2.618625e+03  	3.930558e-05
0  219    0  	-2.618764e+03  	3.928666e-05
0  219    0  	-2.618669e+03  	3.928666e-05
0  220    0  	-2.618809e+03  	3.926763e-05
0  220    0  	-2.618713e+03  	3.926763e-05
0  221    0  	-2.618853e+03  	3.924856e-05
0  221    0  	-2.618758e+03  	3.924856e-05
0  222    0  	-2.618897e+03  	3.922950e-05
0  222    0  	-2.618803e+03  	3.922950e-05
0  223    0  	-2.618942e+03  	3.921058e-05
0  223    0  	-2.618847e+03  	3.921058e-05
0  224    0  	-2.618987e+03  	3.919151e-05
0  224    0  	-2.618891e+03  	3.919151e-05
0  225    0  	-2.619030e+03  	3.917262e-05
0  225    0  	-2.618935e+03  	3.917262e-05
0  226    0  	-2.619075e+03  	3.915363e-05
0  226    0  	-2.618979e+03  	3.915363e-05
0  227    0  	-2.619119e+03  	3.913456e-05
0  227    0  	-2.619023e+03  	3.913456e-05
0  228    0  	-2.619163e+03  	3.911557e-05
0  228    0  	-2.619066e+03  	3.911557e-05
0  229    0  	-2.619207e+03  	3.909649e-05
0  229    0  	-2.619111e+03  	3.909649e-05
0  230    0  	-2.619251e+03  	3.907753e-05
0  230    0  	-2.619155e+03  	3.907753e-05
0  231    0  	-2.619295e+03  	3.905860e-05
0  231    0  	-2.619199e+03  	3.905860e-05
0  232    0  	-2.619339e+03  	3.903963e-05
0  232    0  	-2.619242e+03  	3.903963e-05
0  233    0  	-2.619382e+03  	3.902063e-05
0  233    0  	-2.619286e+03  	3.902063e-05
0  234    0  	-2.619426e+03  	3.900169e-05
0  234    0  	-2.619330e+03  	3.900169e-05
0  235    0  	-2.619470e+03  	3.898268e-05
0  235    0  	-2.619373e+03  	3.898268e-05
0  236    0  	-2.619513e+03  	3.896365e-05
0  236    0  	-2.619416e+03  	3.896365e-05
0  237    0  	-2.619556e+03  	3.894472e-05
0  237    0  	-2.619459e+03  	3.894472e-05
0  238    0  	-2.619600e+03  	3.892567e-05
0  238    0  	-2.619502e+03  	3.892567e-05
0  239    0  	-2.619643e+03  	3.890668e-05
0  239    0  	-2.619544e+03  	3.890668e-05
0  240    0  	-2.619686e+03  	3.888754e-05
0  240    0  	-2.619589e+03  	3.888754e-05
0  241    0  	-2.619730e+03  	3.886843e-05
0  241    0  	-2.619632e+03  	3.886843e-05
0  242    0  	-2.619773e+03  	3.884936e-05
0  242    0  	-2.619675e+03  	3.884936e-05
0  243    0  	-2.619817e+03  	3.883025e-05
0  243    0  	-2.619718e+03  	3.883025e-05
0  244    0  	-2.619859e+03  	3.881122e-05
0  244    0  	-2.619761e+03  	3.881122e-05
0  245    0  	-2.619902e+03  	3.879221e-05
0  245    0  	-2.619805e+03  	3.879221e-05
0  246    0  	-2.619945e+03  	3.877330e-05
0  246    0  	-2.619846e+03  	3.877330e-05
0  247    0  	-2.619987e+03  	3.875432e-05
0  247    0  	-2.619888e+03  	3.875432e-05
0  248    0  	-2.620030e+03  	3.873520e-05
0  248    0  	-2.619931e+03  	3.873520e-05
0  249    0  	-2.620073e+03  	3.871608e-05
0  249    0  	-2.619974e+03  	3.871608e-05
0  250    0  	-2.620115e+03  	3.869712e-05
0  250    0  	-2.620017e+03  	3.869712e-05
0  251    0  	-2.620158e+03  	3.867812e-05
0  251    0  	-2.620059e+03  	3.867812e-05
0  252    0  	-2.620200e+03  	3.865915e-05
0  252    0  	-2.620102e+03  	3.865915e-05
0  253    0  	-2.620243e+03  	3.864022e-05
0  253    0  	-2.620144e+03  	3.864022e-05
0  254    0  	-2.620285e+03  	3.862127e-05
0  254    0  	-2.620186e+03  	3.862127e-05
0  255    0  	-2.620328e+03  	3.860223e-05
0  255    0  	-2.620227e+03  	3.860223e-05
0  256    0  	-2.620370e+03  	3.858312e-05
0  256    0  	-2.620270e+03  	3.858312e-05
0  257    0  	-2.620412e+03  	3.856408e-05
0  257    0  	-2.620312e+03  	3.856408e-05
0  258    0  	-2.620453e+03  	3.854512e-05
0  258    0  	-2.620353e+03  	3.854512e-05
0  259    0  	-2.620495e+03  	3.852619e-05
0  259    0  	-2.620394e+03  	3.852619e-05
0  260    0  	-2.620536e+03  	3.850719e-05
0  260    0  	-2.620436e+03  	3.850719e-05
0  261    0  	-2.620578e+03  	3.848828e-05
0  261    0  	-2.620478e+03  	3.848828e-05
0  262    0  	-2.620621e+03  	3.846927e-05
0  262    0  	-2.620519e+03  	3.846927e-05
0  263    0  	-2.620662e+03  	3.845022e-05
0  263    0  	-2.620561e+03  	3.845022e-05
0  264    0  	-2.620704e+03  	3.843116e-05
0  264    0  	-2.620604e+03  	3.843116e-05
0  265    0  	-2.620746e+03  	3.841218e-05
0  265    0  	-2.620644e+03  	3.841218e-05
0  266    0  	-2.620787e+03  	3.839315e-05
0  266    0  	-2.620685e+03  	3.839315e-05
0  267    0  	-2.620829e+03  	3.837400e-05
0  267    0  	-2.620727e+03  	3.837400e-05
0  268    0  	-2.620869e+03  	3.835509e-05
0  268    0  	-2.620768e+03  	3.835509e-05
0  269    0  	-2.620911e+03  	3.833612e-05
0  269    0  	-2.620810e+03  	3.833612e-05
0  270    0  	-2.620952e+03  	3.831716e-05
0  270    0  	-2.620850e+03  	3.831716e-05
0  271    0  	-2.620993e+03  	3.829821e-05
0  271    0  	-2.620891e+03  	3.829821e-05
0  272    0  	-2.621033e+03  	3.827936e-05
0  272    0  	-2.620931e+03  	3.827936e-05
0  273    0  	-2.621074e+03  	3.826027e-05
0  273    0  	-2.620972e+03  	3.826027e-05
0  274    0  	-2.621115e+03  	3.824126e-05
0  274    0  	-2.621012e+03  	3.824126e-05
0  275    0  	-2.621156e+03  	3.822213e-05
0  275    0  	-2.621053e+03  	3.822213e-05
0  276    0  	-2.621197e+03  	3.820304e-05
0  276    0  	-2.621095e+03  	3.820304e-05
0  277    0  	-2.621239e+03  	3.818394e-05
0  277    0  	-2.621136e+03  	3.818394e-05
0  278    0  	-2.621279e+03  	3.816505e-05
0  278    0  	-2.621176e+03  	3.816505e-05
0  279    0  	-2.621320e+03  	3.814601e-05
0  279    0  	-2.621216e+03  	3.814601e-05
0  280    0  	-2.621360e+03  	3.812697e-05
0  280    0  	-2.621257e+03  	3.812697e-05
0  281    0  	-2.621400e+03  	3.810807e-05
0  281    0  	-2.621296e+03  	3.810807e-05
0  282    0  	-2.621440e+03  	3.808906e-05
0  282    0  	-2.621336e+03  	3.808906e-05
0  283    0  	-2.621480e+03  	3.807009e-05
0  283    0  	-2.621376e+03  	3.807009e-05
0  284    0  	-2.621520e+03  	3.805114e-05
0  284    0  	-2.621416e+03  	3.805114e-05
0  285    0  	-2.621559e+03  	3.803222e-05
0  285    0  	-2.621456e+03  	3.803222e-05
0  286    0  	-2.621598e+03  	3.801337e-05
0  286    0  	-2.621495e+03  	3.801337e-05
0  287    0  	-2.621638e+03  	3.799446e-05
0  287    0  	-2.621534e+03  	3.799446e-05
0  288    0  	-2.621678e+03  	3.797551e-05
0  288    0  	-2.621576e+03  	3.797551e-05
0  289    0  	-2.621719e+03  	3.795664e-05
0  289    0  	-2.621616e+03  	3.795664e-05
0  290    0  	-2.621759e+03  	3.793778e-05
0  290    0  	-2.621655e+03  	3.793778e-05
0  291    0  	-2.621798e+03  	3.791884e-05
0  291    0  	-2.621695e+03  	3.791884e-05
0  292    0  	-2.621838e+03  	3.789998e-05
0  292    0  	-2.621734e+03  	3.789998e-05
0  293    0  	-2.621878e+03  	3.788112e-05
0  293    0  	-2.621772e+03  	3.788112e-05
0  294    0  	-2.621916e+03  	3.786221e-05
0  294    0  	-2.621812e+03  	3.786221e-05
0  295    0  	-2.621956e+03  	3.784335e-05
0  295    0  	-2.621850e+03  	3.784335e-05
0  296    0  	-2.621994e+03  	3.782442e-05
0  296    0  	-2.621890e+03  	3.782442e-05
0  297    0  	-2.622035e+03  	3.780543e-05
0  297    0  	-2.621929e+03  	3.780543e-05
0  298    0  	-2.622073e+03  	3.778645e-05
0  298    0  	-2.621968e+03  	3.778645e-05
0  299    0  	-2.622113e+03  	3.776736e-05
0  299    0  	-2.622006e+03  	3.776736e-05
0  300    0  	-2.622152e+03  	3.774822e-05
0  300    0  	-2.622047e+03  	3.774822e-05
0  301    0  	-2.622191e+03  	3.772930e-05
0  301    0  	-2.622085e+03  	3.772930e-05
0  302    0  	-2.622230e+03  	3.771028e-05
0  302    0  	-2.622125e+03  	3.771028e-05
0  303    0  	-2.622270e+03  	3.769133e-05
0  303    0  	-2.622164e+03  	3.769133e-05
0  304    0  	-2.622309e+03  	3.767240e-05
0  304    0  	-2.622204e+03  	3.767240e-05
0  305    0  	-2.622348e+03  	3.765347e-05
0  305    0  	-2.622242e+03  	3.765347e-05
0  306    0  	-2.622388e+03  	3.763441e-05
0  306    0  	-2.622283e+03  	3.763441e-05
0  307    0  	-2.622427e+03  	3.761561e-05
0  307    0  	-2.622320e+03  	3.761561e-05
0  308    0  	-2.622466e+03  	3.759648e-05
0  308    0  	-2.622360e+03  	3.759648e-05
0  309    0  	-2.622504e+03  	3.757767e-05
0  309    0  	-2.622397e+03  	3.757767e-05
0  310    0  	-2.622542e+03  	3.755878e-05
0  310    0  	-2.622436e+03  	3.755878e-05
0  311    0  	-2.622581e+03  	3.753981e-05
0  311    0  	-2.622474e+03  	3.753981e-05
0  312    0  	-2.622620e+03  	3.752086e-05
0  312    0  	-2.622511e+03  	3.752086e-05
0  313    0  	-2.622658e+03  	3.750180e-05
0  313    0  	-2.622552e+03  	3.750180e-05
0  314    0  	-2.622697e+03  	3.748295e-05
0  314    0  	-2.622589e+03  	3.748295e-05
0  315    0  	-2.622735e+03  	3.746397e-05
0  315    0  	-2.622627e+03  	3.746397e-05
0  316    0  	-2.622773e+03  	3.744500e-05
0  316    0  	-2.622665e+03  	3.744500e-05
0  317    0  	-2.622811e+03  	3.742605e-05
0  317    0  	-2.622702e+03  	3.742605e-05
0  318    0  	-2.622848e+03  	3.740706e-05
0  318    0  	-2.622740e+03  	3.740706e-05
0  319    0  	-2.622886e+03  	3.738811e-05
0  319    0  	-2.622779e+03  	3.738811e-05
0  320    0  	-2.622925e+03  	3.736915e-05
0  320    0  	-2.622817e+03  	3.736915e-05
0  321    0  	-2.622962e+03  	3.735028e-05
0  321    0  	-2.622854e+03  	3.735028e-05
0  322    0  	-2.623000e+03  	3.733136e-05
0  322    0  	-2.622891e+03  	3.733136e-05
0  323    0  	-2.623038e+03  	3.731235e-05
0  323    0  	-2.622929e+03  	3.731235e-05
0  324    0  	-2.623075e+03  	3.729345e-05
0  324    0  	-2.622966e+03  	3.729345e-05
0  325    0  	-2.623113e+03  	3.727447e-05
0  325    0  	-2.623004e+03  	3.727447e-05
0  326    0  	-2.623150e+03  	3.725557e-05
0  326    0  	-2.623042e+03  	3.725557e-05
0  327    0  	-2.623188e+03  	3.723667e-05
0  327    0  	-2.623079e+03  	3.723667e-05
0  328    0  	-2.623225e+03  	3.721780e-05
0  328    0  	-2.623116e+03  	3.721780e-05
0  329    0  	-2.623263e+03  	3.719887e-05
0  329    0  	-2.623154e+03  	3.719887e-05
0  330    0  	-2.623300e+03  	3.718000e-05
0  330    0  	-2.623190e+03  	3.718000e-05
0  331    0  	-2.623337e+03  	3.716113e-05
0  331    0  	-2.623227e+03  	3.716113e-05
0  332    0  	-2.623374e+03  	3.714219e-05
0  332    0  	-2.623265e+03  	3.714219e-05
0  333    0  	-2.623411e+03  	3.712337e-05
0  333    0  	-2.623300e+03  	3.712337e-05
0  334    0  	-2.623448e+03  	3.710437e-05
0  334    0  	-2.623339e+03  	3.710437e-05
0  335    0  	-2.623484e+03  	3.708561e-05
0  335    0  	-2.623375e+03  	3.708561e-05
0  336    0  	-2.623521e+03  	3.706687e-05
0  336    0  	-2.623411e+03  	3.706687e-05
0  337    0  	-2.623557e+03  	3.704808e-05
0  337    0  	-2.623446e+03  	3.704808e-05
0  338    0  	-2.623594e+03  	3.702904e-05
0  338    0  	-2.623484e+03  	3.702904e-05
0  339    0  	-2.623631e+03  	3.701016e-05
0  339    0  	-2.623521e+03  	3.701016e-05
0  340    0  	-2.623667e+03  	3.699139e-05
0  340    0  	-2.623558e+03  	3.699139e-05
0  341    0  	-2.623704e+03  	3.697272e-05
0  341    0  	-2.623593e+03  	3.697272e-05
0  342    0  	-2.623740e+03  	3.695375e-05
0  342    0  	-2.623631e+03  	3.695375e-05
0  343    0  	-2.623777e+03  	3.693498e-05
0  343    0  	-2.623667e+03  	3.693498e-05
0  344    0  	-2.623814e+03  	3.691614e-05
0  344    0  	-2.623703e+03  	3.691614e-05
0  345    0  	-2.623850e+03  	3.689736e-05
0  345    0  	-2.623739e+03  	3.689736e-05
0  346    0  	-2.623886e+03  	3.687848e-05
0  346    0  	-2.623776e+03  	3.687848e-05
0  347    0  	-2.623923e+03  	3.685971e-05
0  347    0  	-2.623812e+03  	3.685971e-05
0  348    0  	-2.623958e+03  	3.684089e-05
0  348    0  	-2.623847e+03  	3.684089e-05
0  349    0  	-2.623995e+03  	3.682201e-05
0  349    0  	-2.623884e+03  	3.682201e-05
0  350    0  	-2.624031e+03  	3.680326e-05
0  350    0  	-2.623919e+03  	3.680326e-05
0  351    0  	-2.624066e+03  	3.678444e-05
0  351    0  	-2.623956e+03  	3.678444e-05
0  352    0  	-2.624102e+03  	3.676570e-05
0  352    0  	-2.623991e+03  	3.676570e-05
0  353    0  	-2.624138e+03  	3.674688e-05
0  353    0  	-2.624026e+03  	3.674688e-05
0  354    0  	-2.624174e+03  	3.672804e-05
0  354    0  	-2.624063e+03  	3.672804e-05
0  355    0  	-2.624209e+03  	3.670940e-05
0  355    0  	-2.624097e+03  	3.670940e-05
0  356    0  	-2.624244e+03  	3.669059e-05
0  356    0  	-2.624133e+03  	3.669059e-05
0  357    0  	-2.624281e+03  	3.667174e-05
0  357    0  	-2.624169e+03  	3.667174e-05
0  358    0  	-2.624317e+03  	3.665283e-05
0  358    0  	-2.624204e+03  	3.665283e-05
0  359    0  	-2.624352e+03  	3.663403e-05
0  359    0  	-2.624239e+03  	3.663403e-05
0  360    0  	-2.624387e+03  	3.661516e-05
0  360    0  	-2.624274e+03  	3.661516e-05
0  361    0  	-2.624423e+03  	3.659620e-05
0  361    0  	-2.624311e+03  	3.659620e-05
0  362    0  	-2.624458e+03  	3.657749e-05
0  362    0  	-2.624346e+03  	3.657749e-05
0  363    0  	-2.624495e+03  	3.655861e-05
0  363    0  	-2.624380e+03  	3.655861e-05
0  364    0  	-2.624529e+03  	3.653973e-05
0  364    0  	-2.624416e+03  	3.653973e-05
0  365    0  	-2.624564e+03  	3.652087e-05
0  365    0  	-2.624450e+03  	3.652087e-05
0  366    0  	-2.624599e+03  	3.650201e-05
0  366    0  	-2.624486e+03  	3.650201e-05
0  367    0  	-2.624635e+03  	3.648313e-05
0  367    0  	-2.624521e+03  	3.648313e-05
0  368    0  	-2.624670e+03  	3.646429e-05
0  368    0  	-2.624555e+03  	3.646429e-05
0  369    0  	-2.624705e+03  	3.644532e-05
0  369    0  	-2.624592e+03  	3.644532e-05
0  370    0  	-2.624741e+03  	3.642644e-05
0  370    0  	-2.624627e+03  	3.642644e-05
0  371    0  	-2.624776e+03  	3.640767e-05
0  371    0  	-2.624661e+03  	3.640767e-05
0  372    0  	-2.624811e+03  	3.638878e-05
0  372    0  	-2.624696e+03  	3.638878e-05
0  373    0  	-2.624845e+03  	3.636989e-05
0  373    0  	-2.624732e+03  	3.636989e-05
0  374    0  	-2.624880e+03  	3.635119e-05
0  374    0  	-2.624766e+03  	3.635119e-05
0  375    0  	-2.624915e+03  	3.633235e-05
0  375    0  	-2.624799e+03  	3.633235e-05
0  376    0  	-2.624949e+03  	3.631342e-05
0  376    0  	-2.624834e+03  	3.631342e-05
0  377    0  	-2.624985e+03  	3.629450e-05
0  377    0  	-2.624869e+03  	3.629450e-05
0  378    0  	-2.625018e+03  	3.627571e-05
0  378    0  	-2.624903e+03  	3.627571e-05
0  379    0  	-2.625053e+03  	3.625685e-05
0  379    0  	-2.624939e+03  	3.625685e-05
0  380    0  	-2.625088e+03  	3.623809e-05
0  380    0  	-2.624972e+03  	3.623809e-05
0  381    0  	-2.625124e+03  	3.621908e-05
0  381    0  	-2.625008e+03  	3.621908e-05
0  382    0  	-2.625158e+03  	3.620021e-05
0  382    0  	-2.625043e+03  	3.620021e-05
0  383    0  	-2.625193e+03  	3.618139e-05
0  383    0  	-2.625076e+03  	3.618139e-05
0  384    0  	-2.625227e+03  	3.616246e-05
0  384    0  	-2.625111e+03  	3.616246e-05
0  385    0  	-2.625261e+03  	3.614355e-05
0  385    0  	-2.625145e+03  	3.614355e-05
0  386    0  	-2.625295e+03  	3.612468e-05
0  386    0  	-2.625180e+03  	3.612468e-05
0  387    0  	-2.625329e+03  	3.610596e-05
0  387    0  	-2.625214e+03  	3.610596e-05
0  388    0  	-2.625364e+03  	3.608714e-05
0  388    0  	-2.625248e+03  	3.608714e-05
0  389    0  	-2.625399e+03  	3.606825e-05
0  389    0  	-2.625281e+03  	3.606825e-05
0  390    0  	-2.625433e+03  	3.604931e-05
0  390    0  	-2.625315e+03  	3.604931e-05
0  391    0  	-2.625467e+03  	3.603033e-05
0  391    0  	-2.625350e+03  	3.603033e-05
0  392    0  	-2.625500e+03  	3.601158e-05
0  392    0  	-2.625383e+03  	3.601158e-05
0  393    0  	-2.625534e+03  	3.599269e-05
0  393    0  	-2.625417e+03  	3.599269e-05
0  394    0  	-2.625567e+03  	3.597396e-05
0  394    0  	-2.625450e+03  	3.597396e-05
0  395    0  	-2.625601e+03  	3.595511e-05
0  395    0  	-2.625484e+03  	3.595511e-05
0  396    0  	-2.625635e+03  	3.593629e-05
0  396    0  	-2.625517e+03  	3.593629e-05
0  397    0  	-2.625668e+03  	3.591740e-05
0  397    0  	-2.625552e+03  	3.591740e-05
0  398    0  	-2.625703e+03  	3.589854e-05
0  398    0  	-2.625585e+03  	3.589854e-05
0  399    0  	-2.625737e+03  	3.587970e-05
0  399    0  	-2.625620e+03  	3.587970e-05
0  400    0  	-2.625770e+03  	3.586093e-05
0  400    0  	-2.625652e+03  	3.586093e-05
0  401    0  	-2.625804e+03  	3.584200e-05
0  401    0  	-2.625686e+03  	3.584200e-05
0  402    0  	-2.625838e+03  	3.582308e-05
0  402    0  	-2.625721e+03  	3.582308e-05
0  403    0  	-2.625872e+03  	3.580431e-05
0  403    0  	-2.625754e+03  	3.580431e-05
0  404    0  	-2.625906e+03  	3.578544e-05
0  404    0  	-2.625788e+03  	3.578544e-05
0  405    0  	-2.625939e+03  	3.576665e-05
0  405    0  	-2.625821e+03  	3.576665e-05
0  406    0  	-2.625973e+03  	3.574774e-05
0  406    0  	-2.625854e+03  	3.574774e-05
0  407    0  	-2.626005e+03  	3.572893e-05
0  407    0  	-2.625887e+03  	3.572893e-05
0  408    0  	-2.626038e+03  	3.571014e-05
0  408    0  	-2.625921e+03  	3.571014e-05
0  409    0  	-2.626071e+03  	3.569150e-05
0  409    0  	-2.625953e+03  	3.569150e-05
0  410    0  	-2.626105e+03  	3.567266e-05
0  410    0  	-2.625987e+03  	3.567266e-05
0  411    0  	-2.626138e+03  	3.565393e-05
0  411    0  	-2.626020e+03  	3.565393e-05
0  412    0  	-2.626172e+03  	3.563511e-05
0  412    0  	-2.626053e+03  	3.563511e-05
0  413    0  	-2.626205e+03  	3.561630e-05
0  413    0  	-2.626086e+03  	3.561630e-05
0  414    0  	-2.626239e+03  	3.559746e-05
0  414    0  	-2.626118e+03  	3.559746e-05
0  415    0  	-2.626271e+03  	3.557854e-05
0  415    0  	-2.626153e+03  	3.557854e-05
0  416    0  	-2.626305e+03  	3.555978e-05
0  416    0  	-2.626187e+03  	3.555978e-05
0  417    0  	-2.626338e+03  	3.554107e-05
0  417    0  	-2.626218e+03  	3.554107e-05
0  418    0  	-2.626371e+03  	3.552216e-05
0  418    0  	-2.626250e+03  	3.552216e-05
0  419    0  	-2.626404e+03  	3.550328e-05
0  419    0  	-2.626283e+03  	3.550328e-05
0  420    0  	-2.626437e+03  	3.548443e-05
0  420    0  	-2.626317e+03  	3.548443e-05
0  421    0  	-2.626469e+03  	3.546575e-05
0  421    0  	-2.626348e+03  	3.546575e-05
0  422    0  	-2.626500e+03  	3.544694e-05
0  422    0  	-2.626381e+03  	3.544694e-05
0  423    0  	-2.626533e+03  	3.542827e-05
0  423    0  	-2.626414e+03  	3.542827e-05
0  424    0  	-2.626566e+03  	3.540950e-05
0  424    0  	-2.626446e+03  	3.540950e-05
0  425    0  	-2.626598e+03  	3.539089e-05
0  425    0  	-2.626478e+03  	3.539089e-05
0  426    0  	-2.626630e+03  	3.537216e-05
0  426    0  	-2.626509e+03  	3.537216e-05
0  427    0  	-2.626663e+03  	3.535328e-05
0  427    0  	-2.626541e+03  	3.535328e-05
0  428    0  	-2.626695e+03  	3.533444e-05
0  428    0  	-2.626574e+03  	3.533444e-05
0  429    0  	-2.626728e+03  	3.531562e-05
0  429    0  	-2.626607e+03  	3.531562e-05
0  430    0  	-2.626760e+03  	3.529697e-05
0  430    0  	-2.626637e+03  	3.529697e-05
0  431    0  	-2.626792e+03  	3.527808e-05
0  431    0  	-2.626670e+03  	3.527808e-05
0  432    0  	-2.626824e+03  	3.525926e-05
0  432    0  	-2.626703e+03  	3.525926e-05
0  433    0  	-2.626857e+03  	3.524041e-05
0  433    0  	-2.626734e+03  	3.524041e-05
0  434    0  	-2.626889e+03  	3.522138e-05
0  434    0  	-2.626768e+03  	3.522138e-05
0  435    0  	-2.626921e+03  	3.520266e-05
0  435    0  	-2.626800e+03  	3.520266e-05
0  436    0  	-2.626953e+03  	3.518389e-05
0  436    0  	-2.626831e+03  	3.518389e-05
0  437    0  	-2.626984e+03  	3.516524e-05
0  437    0  	-2.626862e+03  	3.516524e-05
0  438    0  	-2.627015e+03  	3.514657e-05
0  438    0  	-2.626894e+03  	3.514657e-05
0  439    0  	-2.627046e+03  	3.512794e-05
0  439    0  	-2.626925e+03  	3.512794e-05
0  440    0  	-2.627078e+03  	3.510925e-05
0  440    0  	-2.626956e+03  	3.510925e-05
0  441    0  	-2.627110e+03  	3.509045e-05
0  441    0  	-2.626988e+03  	3.509045e-05
0  442    0  	-2.627142e+03  	3.507176e-05
0  442    0  	-2.627021e+03  	3.507176e-05
0  443    0  	-2.627175e+03  	3.505302e-05
0  443    0  	-2.627054e+03  	3.505302e-05
0  444    0  	-2.627207e+03  	3.503452e-05
0  444    0  	-2.627083e+03  	3.503452e-05
0  445    0  	-2.627237e+03  	3.501579e-05
0  445    0  	-2.627115e+03  	3.501579e-05
0  446    0  	-2.627269e+03  	3.499701e-05
0  446    0  	-2.627147e+03  	3.499701e-05
0  447    0  	-2.627300e+03  	3.497837e-05
0  447    0  	-2.627177e+03  	3.497837e-05
0  448    0  	-2.627331e+03  	3.495968e-05
0  448    0  	-2.627209e+03  	3.495968e-05
0  449    0  	-2.627364e+03  	3.494096e-05
0  449    0  	-2.627240e+03  	3.494096e-05
0  450    0  	-2.627394e+03  	3.492230e-05
0  450    0  	-2.627271e+03  	3.492230e-05
0  451    0  	-2.627425e+03  	3.490366e-05
0  451    0  	-2.627303e+03  	3.490366e-05
0  452    0  	-2.627456e+03  	3.488511e-05
0  452    0  	-2.627333e+03  	3.488511e-05
0  453    0  	-2.627487e+03  	3.486648e-05
0  453    0  	-2.627365e+03  	3.486648e-05
0  454    0  	-2.627518e+03  	3.484788e-05
0  454    0  	-2.627396e+03  	3.484788e-05
0  455    0  	-2.627549e+03  	3.482936e-05
0  455    0  	-2.627425e+03  	3.482936e-05
0  456    0  	-2.627580e+03  	3.481069e-05
0  456    0  	-2.627457e+03  	3.481069e-05
0  457    0  	-2.627611e+03  	3.479204e-05
0  457    0  	-2.627488e+03  	3.479204e-05
0  458    0  	-2.627642e+03  	3.477345e-05
0  458    0  	-2.627519e+03  	3.477345e-05
0  459    0  	-2.627673e+03  	3.475482e-05
0  459    0  	-2.627550e+03  	3.475482e-05
0  460    0  	-2.627704e+03  	3.473615e-05
0  460    0  	-2.627581e+03  	3.473615e-05
0  461    0  	-2.627735e+03  	3.471755e-05
0  461    0  	-2.627612e+03  	3.471755e-05
0  462    0  	-2.627766e+03  	3.469897e-05
0  462    0  	-2.627642e+03  	3.469897e-05
0  463    0  	-2.627798e+03  	3.468024e-05
0  463    0  	-2.627673e+03  	3.468024e-05
0  464    0  	-2.627828e+03  	3.466165e-05
0  464    0  	-2.627703e+03  	3.466165e-05
0  465    0  	-2.627858e+03  	3.464303e-05
0  465    0  	-2.627735e+03  	3.464303e-05
0  466    0  	-2.627889e+03  	3.462447e-05
0  466    0  	-2.627765e+03  	3.462447e-05
0  467    0  	-2.627918e+03  	3.460596e-05
0  467    0  	-2.627795e+03  	3.460596e-05
0  468    0  	-2.627949e+03  	3.458753e-05
0  468    0  	-2.627824e+03  	3.458753e-05
0  469    0  	-2.627979e+03  	3.456893e-05
0  469    0  	-2.627854e+03  	3.456893e-05
0  470    0  	-2.628009e+03  	3.455032e-05
0  470    0  	-2.627885e+03  	3.455032e-05
0  471    0  	-2.628040e+03  	3.453180e-05
0  471    0  	-2.627916e+03  	3.453180e-05
0  472    0  	-2.628070e+03  	3.451326e-05
0  472    0  	-2.627944e+03  	3.451326e-05
0  473    0  	-2.628100e+03  	3.449461e-05
0  473    0  	-2.627976e+03  	3.449461e-05
0  474    0  	-2.628130e+03  	3.447610e-05
0  474    0  	-2.628005e+03  	3.447610e-05
0  475    0  	-2.628160e+03  	3.445753e-05
0  475    0  	-2.628036e+03  	3.445753e-05
0  476    0  	-2.628191e+03  	3.443898e-05
0  476    0  	-2.628064e+03  	3.443898e-05
0  477    0  	-2.628220e+03  	3.442035e-05
0  477    0  	-2.628094e+03  	3.442035e-05
0  478    0  	-2.628250e+03  	3.440170e-05
0  478    0  	-2.628123e+03  	3.440170e-05
0  479    0  	-2.628280e+03  	3.438297e-05
0  479    0  	-2.628154e+03  	3.438297e-05
0  480    0  	-2.628309e+03  	3.436449e-05
0  480    0  	-2.628183e+03  	3.436449e-05
0  481    0  	-2.628339e+03  	3.434592e-05
0  481    0  	-2.628214e+03  	3.434592e-05
0  482    0  	-2.628369e+03  	3.432734e-05
0  482    0  	-2.628242e+03  	3.432734e-05
0  483    0  	-2.628399e+03  	3.430868e-05
0  483    0  	-2.628273e+03  	3.430868e-05
0  484    0  	-2.628429e+03  	3.429009e-05
0  484    0  	-2.628302e+03  	3.429009e-05
0  485    0  	-2.628458e+03  	3.427159e-05
0  485    0  	-2.628333e+03  	3.427159e-05
0  486    0  	-2.628489e+03  	3.425306e-05
0  486    0  	-2.628361e+03  	3.425306e-05
0  487    0  	-2.628517e+03  	3.423449e-05
0  487    0  	-2.628391e+03  	3.423449e-05
0  488    0  	-2.628547e+03  	3.421599e-05
0  488    0  	-2.628421e+03  	3.421599e-05
0  489    0  	-2.628577e+03  	3.419749e-05
0  489    0  	-2.628450e+03  	3.419749e-05
0  490    0  	-2.628607e+03  	3.417896e-05
0  490    0  	-2.628482e+03  	3.417896e-05
0  491    0  	-2.628636e+03  	3.416067e-05
0  491    0  	-2.628509e+03  	3.416067e-05
0  492    0  	-2.628666e+03  	3.414210e-05
0  492    0  	-2.628539e+03  	3.414210e-05
0  493    0  	-2.628695e+03  	3.412363e-05
0  493    0  	-2.628569e+03  	3.412363e-05
0  494    0  	-2.628724e+03  	3.410518e-05
0  494    0  	-2.628597e+03  	3.410518e-05
0  495    0  	-2.628752e+03  	3.408677e-05
0  495    0  	-2.628625e+03  	3.408677e-05
0  496    0  	-2.628781e+03  	3.406830e-05
0  496    0  	-2.628653e+03  	3.406830e-05
0  497    0  	-2.628810e+03  	3.404975e-05
0  497    0  	-2.628683e+03  	3.404975e-05
0  498    0  	-2.628840e+03  	3.403126e-05
0  498    0  	-2.628712e+03  	3.403126e-05
0  499    0  	-2.628867e+03  	3.401293e-05
0  499    0  	-2.628739e+03  	3.401293e-05
0  500    0  	-2.628896e+03  	3.399438e-05
0  500    0  	-2.628769e+03  	3.399438e-05
